P3 
#outbeeth.ppm
101 101 255
0 0 0 
 0 0 0  0 0 0  0 0 0  0 0 0  0 0 0  0 0 0  0 0 0  0 0 0  0 0 0  0 0 0  0 0 0  0 0 0  0 0 0  0 0 0  0 0 0  0 0 0  0 0 0  0 0 0  0 0 0  0 0 0  0 0 0  0 0 0  0 0 0  0 0 0  0 0 0  0 0 0  0 0 0  0 0 0  0 0 0  0 0 0  0 0 0  0 0 0  0 0 0  0 0 0  0 0 0  0 0 0  0 0 0  0 0 0  0 0 0  0 0 0  0 0 0  0 0 0  0 0 0  0 0 0  0 0 0  0 0 0  0 0 0  0 0 0  0 0 0  0 0 0  0 0 0  0 0 0  0 0 0  0 0 0  0 0 0  0 0 0  0 0 0  0 0 0  0 0 0  0 0 0  0 0 0  0 0 0  0 0 0  0 0 0  0 0 0  0 0 0  0 0 0  0 0 0  0 0 0  0 0 0  0 0 0  0 0 0  0 0 0  0 0 0  0 0 0  0 0 0  0 0 0  0 0 0  0 0 0  0 0 0  0 0 0  0 0 0  0 0 0  0 0 0  0 0 0  0 0 0  0 0 0  0 0 0  0 0 0  0 0 0  0 0 0  0 0 0  0 0 0  0 0 0  0 0 0  0 0 0  0 0 0  0 0 0  0 0 0  0 0 0  0 0 0 
 0 0 0  0 0 0  0 0 0  0 0 0  0 0 0  0 0 0  0 0 0  0 0 0  0 0 0  0 0 0  0 0 0  0 0 0  0 0 0  0 0 0  0 0 0  0 0 0  0 0 0  0 0 0  0 0 0  0 0 0  0 0 0  0 0 0  0 0 0  0 0 0  0 0 0  0 0 0  0 0 0  0 0 0  0 0 0  0 0 0  0 0 0  0 0 0  0 0 0  0 0 0  0 0 0  0 0 0  0 0 0  0 0 0  0 0 0  0 0 0  0 0 0  0 0 0  0 0 0  0 0 0  0 0 0  0 0 0  0 0 0  0 0 0  0 0 0  0 0 0  0 0 0  0 0 0  0 0 0  0 0 0  0 0 0  0 0 0  0 0 0  0 0 0  0 0 0  0 0 0  0 0 0  0 0 0  0 0 0  0 0 0  0 0 0  0 0 0  0 0 0  0 0 0  0 0 0  0 0 0  0 0 0  0 0 0  0 0 0  0 0 0  0 0 0  0 0 0  0 0 0  0 0 0  0 0 0  0 0 0  0 0 0  0 0 0  0 0 0  0 0 0  0 0 0  0 0 0  0 0 0  0 0 0  0 0 0  0 0 0  0 0 0  0 0 0  0 0 0  0 0 0  0 0 0  0 0 0  0 0 0  0 0 0  0 0 0  0 0 0  0 0 0 
 0 0 0  0 0 0  0 0 0  0 0 0  0 0 0  0 0 0  0 0 0  0 0 0  0 0 0  0 0 0  0 0 0  0 0 0  0 0 0  0 0 0  0 0 0  0 0 0  0 0 0  0 0 0  0 0 0  0 0 0  0 0 0  0 0 0  0 0 0  0 0 0  0 0 0  0 0 0  0 0 0  0 0 0  0 0 0  0 0 0  0 0 0  0 0 0  0 0 0  0 0 0  0 0 0  0 0 0  0 0 0  0 0 0  0 0 0  0 0 0  0 0 0  0 0 0  0 0 0  0 0 0  0 0 0  0 0 0  0 0 0  0 0 0  0 0 0  0 0 0  0 0 0  0 0 0  0 0 0  0 0 0  0 0 0  0 0 0  0 0 0  0 0 0  0 0 0  0 0 0  0 0 0  0 0 0  0 0 0  0 0 0  0 0 0  0 0 0  0 0 0  0 0 0  0 0 0  0 0 0  0 0 0  0 0 0  0 0 0  0 0 0  0 0 0  0 0 0  0 0 0  0 0 0  0 0 0  0 0 0  0 0 0  0 0 0  0 0 0  0 0 0  0 0 0  0 0 0  0 0 0  0 0 0  0 0 0  0 0 0  0 0 0  0 0 0  0 0 0  0 0 0  0 0 0  0 0 0  0 0 0  0 0 0  0 0 0  0 0 0  0 0 0 
 0 0 0  0 0 0  0 0 0  0 0 0  0 0 0  0 0 0  0 0 0  0 0 0  0 0 0  0 0 0  0 0 0  0 0 0  0 0 0  0 0 0  0 0 0  0 0 0  0 0 0  0 0 0  0 0 0  0 0 0  0 0 0  0 0 0  0 0 0  0 0 0  0 0 0  0 0 0  0 0 0  0 0 0  0 0 0  0 0 0  0 0 0  0 0 0  0 0 0  0 0 0  0 0 0  0 0 0  0 0 0  0 0 0  0 0 0  0 0 0  0 0 0  0 0 0  0 0 0  0 0 0  0 0 0  0 0 0  0 0 0  0 0 0  0 0 0  0 0 0  0 0 0  0 0 0  0 0 0  0 0 0  0 0 0  0 0 0  0 0 0  0 0 0  0 0 0  0 0 0  0 0 0  0 0 0  0 0 0  0 0 0  0 0 0  0 0 0  0 0 0  0 0 0  0 0 0  0 0 0  0 0 0  0 0 0  0 0 0  0 0 0  0 0 0  0 0 0  0 0 0  0 0 0  0 0 0  0 0 0  0 0 0  0 0 0  0 0 0  0 0 0  0 0 0  0 0 0  0 0 0  0 0 0  0 0 0  0 0 0  0 0 0  0 0 0  0 0 0  0 0 0  0 0 0  0 0 0  0 0 0  0 0 0  0 0 0  0 0 0  0 0 0 
 0 0 0  0 0 0  0 0 0  0 0 0  0 0 0  0 0 0  0 0 0  0 0 0  0 0 0  0 0 0  0 0 0  0 0 0  0 0 0  0 0 0  0 0 0  0 0 0  0 0 0  0 0 0  0 0 0  0 0 0  0 0 0  0 0 0  0 0 0  0 0 0  0 0 0  0 0 0  0 0 0  0 0 0  0 0 0  0 0 0  0 0 0  0 0 0  0 0 0  0 0 0  0 0 0  0 0 0  0 0 0  0 0 0  0 0 0  0 0 0  0 0 0  0 0 0  0 0 0  0 0 0  0 0 0  0 0 0  0 0 0  0 0 0  0 0 0  0 0 0  0 0 0  0 0 0  0 0 0  0 0 0  0 0 0  0 0 0  0 0 0  0 0 0  0 0 0  0 0 0  0 0 0  0 0 0  0 0 0  0 0 0  0 0 0  0 0 0  0 0 0  0 0 0  0 0 0  0 0 0  0 0 0  0 0 0  0 0 0  0 0 0  0 0 0  0 0 0  0 0 0  0 0 0  0 0 0  0 0 0  0 0 0  0 0 0  0 0 0  0 0 0  0 0 0  0 0 0  0 0 0  0 0 0  0 0 0  0 0 0  0 0 0  0 0 0  0 0 0  0 0 0  0 0 0  0 0 0  0 0 0  0 0 0  0 0 0  0 0 0  0 0 0 
 0 0 0  0 0 0  0 0 0  0 0 0  0 0 0  0 0 0  0 0 0  0 0 0  0 0 0  0 0 0  0 0 0  0 0 0  0 0 0  0 0 0  0 0 0  0 0 0  0 0 0  0 0 0  0 0 0  0 0 0  0 0 0  0 0 0  0 0 0  0 0 0  0 0 0  0 0 0  0 0 0  0 0 0  0 0 0  0 0 0  0 0 0  0 0 0  0 0 0  0 0 0  0 0 0  0 0 0  0 0 0  0 0 0  0 0 0  0 0 0  0 0 0  0 0 0  0 0 0  0 0 0  0 0 0  0 0 0  0 0 0  0 0 0  0 0 0  0 0 0  0 0 0  0 0 0  0 0 0  0 0 0  0 0 0  0 0 0  0 0 0  0 0 0  0 0 0  0 0 0  0 0 0  0 0 0  0 0 0  0 0 0  0 0 0  0 0 0  0 0 0  0 0 0  0 0 0  0 0 0  0 0 0  0 0 0  0 0 0  0 0 0  0 0 0  0 0 0  0 0 0  0 0 0  0 0 0  0 0 0  0 0 0  0 0 0  0 0 0  0 0 0  0 0 0  0 0 0  0 0 0  0 0 0  0 0 0  0 0 0  0 0 0  0 0 0  0 0 0  0 0 0  0 0 0  0 0 0  0 0 0  0 0 0  0 0 0  0 0 0  0 0 0 
 0 0 0  0 0 0  0 0 0  0 0 0  0 0 0  0 0 0  0 0 0  0 0 0  0 0 0  0 0 0  0 0 0  0 0 0  0 0 0  0 0 0  0 0 0  0 0 0  0 0 0  0 0 0  0 0 0  0 0 0  0 0 0  0 0 0  0 0 0  0 0 0  0 0 0  0 0 0  0 0 0  0 0 0  0 0 0  0 0 0  0 0 0  0 0 0  0 0 0  0 0 0  0 0 0  0 0 0  0 0 0  0 0 0  0 0 0  0 0 0  0 0 0  0 0 0  0 0 0  0 0 0  233 43 43  242 43 43  237 43 43  237 43 43  237 43 43  226 43 43  246 43 43  246 43 43  246 43 43  246 43 43  233 43 43  239 43 43  0 0 0  0 0 0  0 0 0  0 0 0  0 0 0  0 0 0  0 0 0  0 0 0  0 0 0  0 0 0  0 0 0  0 0 0  0 0 0  0 0 0  0 0 0  0 0 0  0 0 0  0 0 0  0 0 0  0 0 0  0 0 0  0 0 0  0 0 0  0 0 0  0 0 0  0 0 0  0 0 0  0 0 0  0 0 0  0 0 0  0 0 0  0 0 0  0 0 0  0 0 0  0 0 0  0 0 0  0 0 0  0 0 0  0 0 0  0 0 0  0 0 0  0 0 0  0 0 0  0 0 0  0 0 0 
 0 0 0  0 0 0  0 0 0  0 0 0  0 0 0  0 0 0  0 0 0  0 0 0  0 0 0  0 0 0  0 0 0  0 0 0  0 0 0  0 0 0  0 0 0  0 0 0  0 0 0  0 0 0  0 0 0  0 0 0  0 0 0  0 0 0  0 0 0  0 0 0  0 0 0  0 0 0  0 0 0  0 0 0  0 0 0  0 0 0  0 0 0  0 0 0  0 0 0  0 0 0  0 0 0  0 0 0  0 0 0  0 0 0  0 0 0  0 0 0  0 0 0  0 0 0  243 43 43  243 43 43  233 43 43  242 43 43  242 43 43  242 43 43  242 43 43  240 43 43  232 43 43  246 43 43  246 43 43  246 43 43  233 43 43  255 43 43  255 43 43  239 43 43  0 0 0  0 0 0  0 0 0  0 0 0  0 0 0  0 0 0  0 0 0  0 0 0  0 0 0  0 0 0  0 0 0  0 0 0  0 0 0  0 0 0  0 0 0  0 0 0  0 0 0  0 0 0  0 0 0  0 0 0  0 0 0  0 0 0  0 0 0  0 0 0  0 0 0  0 0 0  0 0 0  0 0 0  0 0 0  0 0 0  0 0 0  0 0 0  0 0 0  0 0 0  0 0 0  0 0 0  0 0 0  0 0 0  0 0 0  0 0 0  0 0 0  0 0 0  0 0 0 
 0 0 0  0 0 0  0 0 0  0 0 0  0 0 0  0 0 0  0 0 0  0 0 0  0 0 0  0 0 0  0 0 0  0 0 0  0 0 0  0 0 0  0 0 0  0 0 0  0 0 0  0 0 0  0 0 0  0 0 0  0 0 0  0 0 0  0 0 0  0 0 0  0 0 0  0 0 0  0 0 0  0 0 0  0 0 0  0 0 0  0 0 0  0 0 0  0 0 0  0 0 0  0 0 0  0 0 0  0 0 0  0 0 0  138 43 43  230 43 43  230 43 43  243 43 43  243 43 43  235 43 43  235 43 43  241 43 43  246 43 43  246 43 43  234 43 43  255 43 43  255 43 43  255 43 43  245 43 43  233 43 43  234 43 43  234 43 43  234 43 43  234 43 43  230 43 43  230 43 43  122 43 43  0 0 0  0 0 0  0 0 0  0 0 0  0 0 0  0 0 0  0 0 0  0 0 0  0 0 0  0 0 0  0 0 0  0 0 0  0 0 0  0 0 0  0 0 0  0 0 0  0 0 0  0 0 0  0 0 0  0 0 0  0 0 0  0 0 0  0 0 0  0 0 0  0 0 0  0 0 0  0 0 0  0 0 0  0 0 0  0 0 0  0 0 0  0 0 0  0 0 0  0 0 0  0 0 0  0 0 0  0 0 0  0 0 0  0 0 0  0 0 0 
 0 0 0  0 0 0  0 0 0  0 0 0  0 0 0  0 0 0  0 0 0  0 0 0  0 0 0  0 0 0  0 0 0  0 0 0  0 0 0  0 0 0  0 0 0  0 0 0  0 0 0  0 0 0  0 0 0  0 0 0  0 0 0  0 0 0  0 0 0  0 0 0  0 0 0  0 0 0  0 0 0  0 0 0  0 0 0  0 0 0  0 0 0  0 0 0  0 0 0  0 0 0  0 0 0  0 0 0  0 0 0  178 43 43  138 43 43  204 43 43  204 43 43  199 43 43  147 43 43  248 43 43  231 43 43  234 43 43  234 43 43  234 43 43  234 43 43  255 43 43  255 43 43  245 43 43  245 43 43  186 43 43  211 43 43  210 43 43  210 43 43  217 43 43  217 43 43  217 43 43  122 43 43  0 0 0  0 0 0  0 0 0  0 0 0  0 0 0  0 0 0  0 0 0  0 0 0  0 0 0  0 0 0  0 0 0  0 0 0  0 0 0  0 0 0  0 0 0  0 0 0  0 0 0  0 0 0  0 0 0  0 0 0  0 0 0  0 0 0  0 0 0  0 0 0  0 0 0  0 0 0  0 0 0  0 0 0  0 0 0  0 0 0  0 0 0  0 0 0  0 0 0  0 0 0  0 0 0  0 0 0  0 0 0  0 0 0  0 0 0  0 0 0 
 0 0 0  0 0 0  0 0 0  0 0 0  0 0 0  0 0 0  0 0 0  0 0 0  0 0 0  0 0 0  0 0 0  0 0 0  0 0 0  0 0 0  0 0 0  0 0 0  0 0 0  0 0 0  0 0 0  0 0 0  0 0 0  0 0 0  0 0 0  0 0 0  0 0 0  0 0 0  0 0 0  0 0 0  0 0 0  0 0 0  0 0 0  0 0 0  0 0 0  0 0 0  0 0 0  0 0 0  0 0 0  168 43 43  227 43 43  227 43 43  204 43 43  199 43 43  231 43 43  231 43 43  231 43 43  231 43 43  234 43 43  234 43 43  233 43 43  255 43 43  255 43 43  245 43 43  186 43 43  233 43 43  211 43 43  211 43 43  211 43 43  217 43 43  152 43 43  101 43 43  122 43 43  168 43 43  0 0 0  0 0 0  0 0 0  0 0 0  0 0 0  0 0 0  0 0 0  0 0 0  0 0 0  0 0 0  0 0 0  0 0 0  0 0 0  0 0 0  0 0 0  0 0 0  0 0 0  0 0 0  0 0 0  0 0 0  0 0 0  0 0 0  0 0 0  0 0 0  0 0 0  0 0 0  0 0 0  0 0 0  0 0 0  0 0 0  0 0 0  0 0 0  0 0 0  0 0 0  0 0 0  0 0 0  0 0 0  0 0 0  0 0 0 
 0 0 0  0 0 0  0 0 0  0 0 0  0 0 0  0 0 0  0 0 0  0 0 0  0 0 0  0 0 0  0 0 0  0 0 0  0 0 0  0 0 0  0 0 0  0 0 0  0 0 0  0 0 0  0 0 0  0 0 0  0 0 0  0 0 0  0 0 0  0 0 0  0 0 0  0 0 0  0 0 0  0 0 0  0 0 0  0 0 0  0 0 0  0 0 0  0 0 0  0 0 0  0 0 0  0 0 0  178 43 43  227 43 43  227 43 43  212 43 43  212 43 43  182 43 43  177 43 43  195 43 43  231 43 43  231 43 43  234 43 43  234 43 43  233 43 43  255 43 43  245 43 43  186 43 43  186 43 43  233 43 43  211 43 43  211 43 43  64 43 43  64 43 43  208 43 43  178 43 43  101 43 43  158 43 43  219 43 43  0 0 0  0 0 0  0 0 0  0 0 0  0 0 0  0 0 0  0 0 0  0 0 0  0 0 0  0 0 0  0 0 0  0 0 0  0 0 0  0 0 0  0 0 0  0 0 0  0 0 0  0 0 0  0 0 0  0 0 0  0 0 0  0 0 0  0 0 0  0 0 0  0 0 0  0 0 0  0 0 0  0 0 0  0 0 0  0 0 0  0 0 0  0 0 0  0 0 0  0 0 0  0 0 0  0 0 0  0 0 0  0 0 0 
 0 0 0  0 0 0  0 0 0  0 0 0  0 0 0  0 0 0  0 0 0  0 0 0  0 0 0  0 0 0  0 0 0  0 0 0  0 0 0  0 0 0  0 0 0  0 0 0  0 0 0  0 0 0  0 0 0  0 0 0  0 0 0  0 0 0  0 0 0  0 0 0  0 0 0  0 0 0  0 0 0  0 0 0  0 0 0  0 0 0  0 0 0  0 0 0  0 0 0  0 0 0  0 0 0  178 43 43  173 43 43  212 43 43  212 43 43  212 43 43  212 43 43  177 43 43  177 43 43  177 43 43  195 43 43  195 43 43  231 43 43  232 43 43  233 43 43  181 43 43  186 43 43  186 43 43  233 43 43  233 43 43  211 43 43  64 43 43  216 43 43  216 43 43  208 43 43  208 43 43  178 43 43  178 43 43  172 43 43  219 43 43  0 0 0  0 0 0  0 0 0  0 0 0  0 0 0  0 0 0  0 0 0  0 0 0  0 0 0  0 0 0  0 0 0  0 0 0  0 0 0  0 0 0  0 0 0  0 0 0  0 0 0  0 0 0  0 0 0  0 0 0  0 0 0  0 0 0  0 0 0  0 0 0  0 0 0  0 0 0  0 0 0  0 0 0  0 0 0  0 0 0  0 0 0  0 0 0  0 0 0  0 0 0  0 0 0  0 0 0  0 0 0 
 0 0 0  0 0 0  0 0 0  0 0 0  0 0 0  0 0 0  0 0 0  0 0 0  0 0 0  0 0 0  0 0 0  0 0 0  0 0 0  0 0 0  0 0 0  0 0 0  0 0 0  0 0 0  0 0 0  0 0 0  0 0 0  0 0 0  0 0 0  0 0 0  0 0 0  0 0 0  0 0 0  0 0 0  0 0 0  0 0 0  0 0 0  0 0 0  0 0 0  0 0 0  178 43 43  173 43 43  105 43 43  158 43 43  212 43 43  212 43 43  212 43 43  177 43 43  177 43 43  177 43 43  195 43 43  195 43 43  195 43 43  231 43 43  112 43 43  181 43 43  177 43 43  177 43 43  233 43 43  233 43 43  211 43 43  216 43 43  216 43 43  216 43 43  208 43 43  208 43 43  208 43 43  178 43 43  89 43 43  172 43 43  219 43 43  0 0 0  0 0 0  0 0 0  0 0 0  0 0 0  0 0 0  0 0 0  0 0 0  0 0 0  0 0 0  0 0 0  0 0 0  0 0 0  0 0 0  0 0 0  0 0 0  0 0 0  0 0 0  0 0 0  0 0 0  0 0 0  0 0 0  0 0 0  0 0 0  0 0 0  0 0 0  0 0 0  0 0 0  0 0 0  0 0 0  0 0 0  0 0 0  0 0 0  0 0 0  0 0 0  0 0 0 
 0 0 0  0 0 0  0 0 0  0 0 0  0 0 0  0 0 0  0 0 0  0 0 0  0 0 0  0 0 0  0 0 0  0 0 0  0 0 0  0 0 0  0 0 0  0 0 0  0 0 0  0 0 0  0 0 0  0 0 0  0 0 0  0 0 0  0 0 0  0 0 0  0 0 0  0 0 0  0 0 0  0 0 0  0 0 0  0 0 0  0 0 0  0 0 0  0 0 0  0 0 0  218 43 43  173 43 43  105 43 43  73 43 43  73 43 43  73 43 43  73 43 43  108 43 43  108 43 43  177 43 43  177 43 43  195 43 43  112 43 43  112 43 43  184 43 43  181 43 43  181 43 43  177 43 43  177 43 43  211 43 43  216 43 43  216 43 43  94 43 43  94 43 43  97 43 43  97 43 43  97 43 43  97 43 43  89 43 43  177 43 43  218 43 43  0 0 0  0 0 0  0 0 0  0 0 0  0 0 0  0 0 0  0 0 0  0 0 0  0 0 0  0 0 0  0 0 0  0 0 0  0 0 0  0 0 0  0 0 0  0 0 0  0 0 0  0 0 0  0 0 0  0 0 0  0 0 0  0 0 0  0 0 0  0 0 0  0 0 0  0 0 0  0 0 0  0 0 0  0 0 0  0 0 0  0 0 0  0 0 0  0 0 0  0 0 0  0 0 0  0 0 0 
 0 0 0  0 0 0  0 0 0  0 0 0  0 0 0  0 0 0  0 0 0  0 0 0  0 0 0  0 0 0  0 0 0  0 0 0  0 0 0  0 0 0  0 0 0  0 0 0  0 0 0  0 0 0  0 0 0  0 0 0  0 0 0  0 0 0  0 0 0  0 0 0  0 0 0  0 0 0  0 0 0  0 0 0  0 0 0  0 0 0  0 0 0  0 0 0  0 0 0  218 43 43  218 43 43  102 43 43  89 43 43  113 43 43  73 43 43  73 43 43  73 43 43  92 43 43  108 43 43  108 43 43  108 43 43  112 43 43  112 43 43  183 43 43  184 43 43  181 43 43  181 43 43  181 43 43  177 43 43  75 43 43  94 43 43  94 43 43  94 43 43  94 43 43  85 43 43  97 43 43  97 43 43  97 43 43  89 43 43  89 43 43  218 43 43  218 43 43  0 0 0  0 0 0  0 0 0  0 0 0  0 0 0  0 0 0  0 0 0  0 0 0  0 0 0  0 0 0  0 0 0  0 0 0  0 0 0  0 0 0  0 0 0  0 0 0  0 0 0  0 0 0  0 0 0  0 0 0  0 0 0  0 0 0  0 0 0  0 0 0  0 0 0  0 0 0  0 0 0  0 0 0  0 0 0  0 0 0  0 0 0  0 0 0  0 0 0  0 0 0  0 0 0 
 0 0 0  0 0 0  0 0 0  0 0 0  0 0 0  0 0 0  0 0 0  0 0 0  0 0 0  0 0 0  0 0 0  0 0 0  0 0 0  0 0 0  0 0 0  0 0 0  0 0 0  0 0 0  0 0 0  0 0 0  0 0 0  0 0 0  0 0 0  0 0 0  0 0 0  0 0 0  0 0 0  0 0 0  0 0 0  0 0 0  0 0 0  0 0 0  145 43 43  145 43 43  198 43 43  102 43 43  89 43 43  89 43 43  113 43 43  73 43 43  73 43 43  92 43 43  92 43 43  92 43 43  108 43 43  112 43 43  183 43 43  184 43 43  184 43 43  124 43 43  190 43 43  181 43 43  181 43 43  75 43 43  111 43 43  94 43 43  94 43 43  94 43 43  85 43 43  97 43 43  97 43 43  89 43 43  89 43 43  112 43 43  205 43 43  149 43 43  149 43 43  0 0 0  0 0 0  0 0 0  0 0 0  0 0 0  0 0 0  0 0 0  0 0 0  0 0 0  0 0 0  0 0 0  0 0 0  0 0 0  0 0 0  0 0 0  0 0 0  0 0 0  0 0 0  0 0 0  0 0 0  0 0 0  0 0 0  0 0 0  0 0 0  0 0 0  0 0 0  0 0 0  0 0 0  0 0 0  0 0 0  0 0 0  0 0 0  0 0 0  0 0 0 
 0 0 0  0 0 0  0 0 0  0 0 0  0 0 0  0 0 0  0 0 0  0 0 0  0 0 0  0 0 0  0 0 0  0 0 0  0 0 0  0 0 0  0 0 0  0 0 0  0 0 0  0 0 0  0 0 0  0 0 0  0 0 0  0 0 0  0 0 0  0 0 0  0 0 0  0 0 0  0 0 0  0 0 0  0 0 0  0 0 0  0 0 0  205 43 43  198 43 43  198 43 43  109 43 43  102 43 43  89 43 43  89 43 43  113 43 43  113 43 43  113 43 43  73 43 43  92 43 43  92 43 43  92 43 43  183 43 43  183 43 43  184 43 43  124 43 43  124 43 43  124 43 43  190 43 43  190 43 43  190 43 43  111 43 43  111 43 43  94 43 43  85 43 43  85 43 43  97 43 43  97 43 43  89 43 43  89 43 43  112 43 43  81 43 43  151 43 43  151 43 43  0 0 0  0 0 0  0 0 0  0 0 0  0 0 0  0 0 0  0 0 0  0 0 0  0 0 0  0 0 0  0 0 0  0 0 0  0 0 0  0 0 0  0 0 0  0 0 0  0 0 0  0 0 0  0 0 0  0 0 0  0 0 0  0 0 0  0 0 0  0 0 0  0 0 0  0 0 0  0 0 0  0 0 0  0 0 0  0 0 0  0 0 0  0 0 0  0 0 0  0 0 0 
 0 0 0  0 0 0  0 0 0  0 0 0  0 0 0  0 0 0  0 0 0  0 0 0  0 0 0  0 0 0  0 0 0  0 0 0  0 0 0  0 0 0  0 0 0  0 0 0  0 0 0  0 0 0  0 0 0  0 0 0  0 0 0  0 0 0  0 0 0  0 0 0  0 0 0  0 0 0  0 0 0  0 0 0  0 0 0  0 0 0  141 43 43  167 43 43  198 43 43  109 43 43  109 43 43  43 43 43  89 43 43  89 43 43  89 43 43  113 43 43  113 43 43  113 43 43  92 43 43  44 43 43  44 43 43  43 43 43  43 43 43  124 43 43  124 43 43  124 43 43  124 43 43  124 43 43  43 43 43  43 43 43  43 43 43  43 43 43  94 43 43  85 43 43  85 43 43  85 43 43  89 43 43  89 43 43  89 43 43  43 43 43  81 43 43  81 43 43  151 43 43  151 43 43  141 43 43  0 0 0  0 0 0  0 0 0  0 0 0  0 0 0  0 0 0  0 0 0  0 0 0  0 0 0  0 0 0  0 0 0  0 0 0  0 0 0  0 0 0  0 0 0  0 0 0  0 0 0  0 0 0  0 0 0  0 0 0  0 0 0  0 0 0  0 0 0  0 0 0  0 0 0  0 0 0  0 0 0  0 0 0  0 0 0  0 0 0  0 0 0  0 0 0 
 0 0 0  0 0 0  0 0 0  0 0 0  0 0 0  0 0 0  0 0 0  0 0 0  0 0 0  0 0 0  0 0 0  0 0 0  0 0 0  0 0 0  0 0 0  0 0 0  0 0 0  0 0 0  0 0 0  0 0 0  0 0 0  0 0 0  0 0 0  0 0 0  0 0 0  0 0 0  0 0 0  0 0 0  141 43 43  141 43 43  141 43 43  167 43 43  109 43 43  109 43 43  109 43 43  43 43 43  43 43 43  43 43 43  43 43 43  43 43 43  43 43 43  43 43 43  43 43 43  44 43 43  44 43 43  43 43 43  43 43 43  43 43 43  43 43 43  124 43 43  43 43 43  43 43 43  43 43 43  43 43 43  43 43 43  43 43 43  43 43 43  43 43 43  43 43 43  43 43 43  43 43 43  43 43 43  43 43 43  43 43 43  81 43 43  81 43 43  81 43 43  151 43 43  141 43 43  141 43 43  141 43 43  0 0 0  0 0 0  0 0 0  0 0 0  0 0 0  0 0 0  0 0 0  0 0 0  0 0 0  0 0 0  0 0 0  0 0 0  0 0 0  0 0 0  0 0 0  0 0 0  0 0 0  0 0 0  0 0 0  0 0 0  0 0 0  0 0 0  0 0 0  0 0 0  0 0 0  0 0 0  0 0 0  0 0 0  0 0 0  0 0 0 
 0 0 0  0 0 0  0 0 0  0 0 0  0 0 0  0 0 0  0 0 0  0 0 0  0 0 0  0 0 0  0 0 0  0 0 0  0 0 0  0 0 0  0 0 0  0 0 0  0 0 0  0 0 0  0 0 0  0 0 0  0 0 0  0 0 0  0 0 0  0 0 0  0 0 0  0 0 0  0 0 0  0 0 0  170 43 43  170 43 43  101 43 43  62 43 43  62 43 43  43 43 43  43 43 43  109 43 43  43 43 43  43 43 43  43 43 43  43 43 43  43 43 43  43 43 43  43 43 43  43 43 43  43 43 43  43 43 43  43 43 43  43 43 43  43 43 43  43 43 43  43 43 43  43 43 43  43 43 43  43 43 43  43 43 43  43 43 43  43 43 43  43 43 43  43 43 43  43 43 43  43 43 43  43 43 43  43 43 43  43 43 43  81 43 43  81 43 43  93 43 43  68 43 43  101 43 43  121 43 43  121 43 43  0 0 0  0 0 0  0 0 0  0 0 0  0 0 0  0 0 0  0 0 0  0 0 0  0 0 0  0 0 0  0 0 0  0 0 0  0 0 0  0 0 0  0 0 0  0 0 0  0 0 0  0 0 0  0 0 0  0 0 0  0 0 0  0 0 0  0 0 0  0 0 0  0 0 0  0 0 0  0 0 0  0 0 0  0 0 0  0 0 0 
 0 0 0  0 0 0  0 0 0  0 0 0  0 0 0  0 0 0  0 0 0  0 0 0  0 0 0  0 0 0  0 0 0  0 0 0  0 0 0  0 0 0  0 0 0  0 0 0  0 0 0  0 0 0  0 0 0  0 0 0  0 0 0  0 0 0  0 0 0  0 0 0  0 0 0  0 0 0  0 0 0  0 0 0  79 43 43  170 43 43  101 43 43  62 43 43  62 43 43  62 43 43  43 43 43  43 43 43  43 43 43  43 43 43  43 43 43  43 43 43  43 43 43  43 43 43  43 43 43  43 43 43  43 43 43  43 43 43  43 43 43  43 43 43  43 43 43  43 43 43  43 43 43  43 43 43  43 43 43  43 43 43  43 43 43  43 43 43  43 43 43  43 43 43  43 43 43  43 43 43  43 43 43  43 43 43  43 43 43  81 43 43  81 43 43  93 43 43  68 43 43  68 43 43  110 43 43  121 43 43  121 43 43  0 0 0  0 0 0  0 0 0  0 0 0  0 0 0  0 0 0  0 0 0  0 0 0  0 0 0  0 0 0  0 0 0  0 0 0  0 0 0  0 0 0  0 0 0  0 0 0  0 0 0  0 0 0  0 0 0  0 0 0  0 0 0  0 0 0  0 0 0  0 0 0  0 0 0  0 0 0  0 0 0  0 0 0  0 0 0  0 0 0 
 0 0 0  0 0 0  0 0 0  0 0 0  0 0 0  0 0 0  0 0 0  0 0 0  0 0 0  0 0 0  0 0 0  0 0 0  0 0 0  0 0 0  0 0 0  0 0 0  0 0 0  0 0 0  0 0 0  0 0 0  0 0 0  0 0 0  0 0 0  0 0 0  0 0 0  0 0 0  0 0 0  0 0 0  0 0 0  170 43 43  101 43 43  62 43 43  62 43 43  62 43 43  62 43 43  43 43 43  43 43 43  43 43 43  43 43 43  43 43 43  43 43 43  43 43 43  43 43 43  229 43 43  219 43 43  208 43 43  43 43 43  43 43 43  43 43 43  43 43 43  43 43 43  43 43 43  43 43 43  209 43 43  218 43 43  222 43 43  43 43 43  43 43 43  43 43 43  43 43 43  43 43 43  43 43 43  43 43 43  93 43 43  93 43 43  93 43 43  68 43 43  68 43 43  110 43 43  121 43 43  0 0 0  0 0 0  0 0 0  0 0 0  0 0 0  0 0 0  0 0 0  0 0 0  0 0 0  0 0 0  0 0 0  0 0 0  0 0 0  0 0 0  0 0 0  0 0 0  0 0 0  0 0 0  0 0 0  0 0 0  0 0 0  0 0 0  0 0 0  0 0 0  0 0 0  0 0 0  0 0 0  0 0 0  0 0 0  0 0 0  0 0 0 
 0 0 0  0 0 0  0 0 0  0 0 0  0 0 0  0 0 0  0 0 0  0 0 0  0 0 0  0 0 0  0 0 0  0 0 0  0 0 0  0 0 0  0 0 0  0 0 0  0 0 0  0 0 0  0 0 0  0 0 0  0 0 0  0 0 0  0 0 0  0 0 0  0 0 0  0 0 0  0 0 0  0 0 0  0 0 0  79 43 43  101 43 43  62 43 43  62 43 43  110 43 43  110 43 43  110 43 43  43 43 43  43 43 43  43 43 43  43 43 43  43 43 43  178 43 43  178 43 43  192 43 43  195 43 43  161 43 43  155 43 43  165 43 43  43 43 43  43 43 43  43 43 43  168 43 43  168 43 43  195 43 43  195 43 43  197 43 43  194 43 43  194 43 43  43 43 43  43 43 43  43 43 43  43 43 43  43 43 43  93 43 43  93 43 43  68 43 43  68 43 43  68 43 43  110 43 43  119 43 43  0 0 0  0 0 0  0 0 0  0 0 0  0 0 0  0 0 0  0 0 0  0 0 0  0 0 0  0 0 0  0 0 0  0 0 0  0 0 0  0 0 0  0 0 0  0 0 0  0 0 0  0 0 0  0 0 0  0 0 0  0 0 0  0 0 0  0 0 0  0 0 0  0 0 0  0 0 0  0 0 0  0 0 0  0 0 0  0 0 0  0 0 0 
 0 0 0  0 0 0  0 0 0  0 0 0  0 0 0  0 0 0  0 0 0  0 0 0  0 0 0  0 0 0  0 0 0  0 0 0  0 0 0  0 0 0  0 0 0  0 0 0  0 0 0  0 0 0  0 0 0  0 0 0  0 0 0  0 0 0  0 0 0  0 0 0  0 0 0  0 0 0  0 0 0  0 0 0  0 0 0  174 43 43  43 43 43  43 43 43  110 43 43  110 43 43  110 43 43  78 43 43  43 43 43  43 43 43  43 43 43  43 43 43  43 43 43  87 43 43  146 43 43  198 43 43  195 43 43  195 43 43  155 43 43  165 43 43  201 43 43  201 43 43  171 43 43  168 43 43  150 43 43  164 43 43  195 43 43  193 43 43  169 43 43  75 43 43  43 43 43  43 43 43  43 43 43  43 43 43  43 43 43  93 43 43  93 43 43  68 43 43  68 43 43  43 43 43  186 43 43  101 43 43  0 0 0  0 0 0  0 0 0  0 0 0  0 0 0  0 0 0  0 0 0  0 0 0  0 0 0  0 0 0  0 0 0  0 0 0  0 0 0  0 0 0  0 0 0  0 0 0  0 0 0  0 0 0  0 0 0  0 0 0  0 0 0  0 0 0  0 0 0  0 0 0  0 0 0  0 0 0  0 0 0  0 0 0  0 0 0  0 0 0  0 0 0 
 0 0 0  0 0 0  0 0 0  0 0 0  0 0 0  0 0 0  0 0 0  0 0 0  0 0 0  0 0 0  0 0 0  0 0 0  0 0 0  0 0 0  0 0 0  0 0 0  0 0 0  0 0 0  0 0 0  0 0 0  0 0 0  0 0 0  0 0 0  0 0 0  0 0 0  0 0 0  0 0 0  0 0 0  0 0 0  186 43 43  134 43 43  43 43 43  159 43 43  159 43 43  159 43 43  43 43 43  43 43 43  43 43 43  43 43 43  43 43 43  43 43 43  99 43 43  115 43 43  186 43 43  193 43 43  199 43 43  174 43 43  169 43 43  179 43 43  160 43 43  159 43 43  164 43 43  179 43 43  193 43 43  193 43 43  153 43 43  120 43 43  120 43 43  43 43 43  43 43 43  43 43 43  43 43 43  43 43 43  43 43 43  153 43 43  153 43 43  156 43 43  164 43 43  125 43 43  186 43 43  0 0 0  0 0 0  0 0 0  0 0 0  0 0 0  0 0 0  0 0 0  0 0 0  0 0 0  0 0 0  0 0 0  0 0 0  0 0 0  0 0 0  0 0 0  0 0 0  0 0 0  0 0 0  0 0 0  0 0 0  0 0 0  0 0 0  0 0 0  0 0 0  0 0 0  0 0 0  0 0 0  0 0 0  0 0 0  0 0 0  0 0 0 
 0 0 0  0 0 0  0 0 0  0 0 0  0 0 0  0 0 0  0 0 0  0 0 0  0 0 0  0 0 0  0 0 0  0 0 0  0 0 0  0 0 0  0 0 0  0 0 0  0 0 0  0 0 0  0 0 0  0 0 0  0 0 0  0 0 0  0 0 0  0 0 0  0 0 0  0 0 0  0 0 0  0 0 0  186 43 43  134 43 43  127 43 43  146 43 43  159 43 43  152 43 43  152 43 43  110 43 43  43 43 43  43 43 43  43 43 43  43 43 43  91 43 43  115 43 43  115 43 43  149 43 43  193 43 43  193 43 43  173 43 43  169 43 43  160 43 43  160 43 43  183 43 43  179 43 43  179 43 43  198 43 43  193 43 43  176 43 43  120 43 43  93 43 43  134 43 43  43 43 43  43 43 43  43 43 43  43 43 43  130 43 43  153 43 43  153 43 43  156 43 43  164 43 43  125 43 43  125 43 43  186 43 43  0 0 0  0 0 0  0 0 0  0 0 0  0 0 0  0 0 0  0 0 0  0 0 0  0 0 0  0 0 0  0 0 0  0 0 0  0 0 0  0 0 0  0 0 0  0 0 0  0 0 0  0 0 0  0 0 0  0 0 0  0 0 0  0 0 0  0 0 0  0 0 0  0 0 0  0 0 0  0 0 0  0 0 0  0 0 0  0 0 0 
 0 0 0  0 0 0  0 0 0  0 0 0  0 0 0  0 0 0  0 0 0  0 0 0  0 0 0  0 0 0  0 0 0  0 0 0  0 0 0  0 0 0  0 0 0  0 0 0  0 0 0  0 0 0  0 0 0  0 0 0  0 0 0  0 0 0  0 0 0  0 0 0  0 0 0  0 0 0  0 0 0  0 0 0  43 43 43  127 43 43  187 43 43  43 43 43  152 43 43  152 43 43  152 43 43  110 43 43  110 43 43  43 43 43  43 43 43  43 43 43  106 43 43  143 43 43  81 43 43  105 43 43  159 43 43  204 43 43  204 43 43  142 43 43  162 43 43  162 43 43  159 43 43  182 43 43  201 43 43  188 43 43  145 43 43  145 43 43  81 43 43  128 43 43  134 43 43  43 43 43  43 43 43  43 43 43  49 43 43  130 43 43  153 43 43  156 43 43  156 43 43  43 43 43  165 43 43  142 43 43  43 43 43  0 0 0  0 0 0  0 0 0  0 0 0  0 0 0  0 0 0  0 0 0  0 0 0  0 0 0  0 0 0  0 0 0  0 0 0  0 0 0  0 0 0  0 0 0  0 0 0  0 0 0  0 0 0  0 0 0  0 0 0  0 0 0  0 0 0  0 0 0  0 0 0  0 0 0  0 0 0  0 0 0  0 0 0  0 0 0  0 0 0 
 0 0 0  0 0 0  0 0 0  0 0 0  0 0 0  0 0 0  0 0 0  0 0 0  0 0 0  0 0 0  0 0 0  0 0 0  0 0 0  0 0 0  0 0 0  0 0 0  0 0 0  0 0 0  0 0 0  0 0 0  0 0 0  0 0 0  0 0 0  0 0 0  0 0 0  0 0 0  0 0 0  0 0 0  43 43 43  147 43 43  109 43 43  43 43 43  43 43 43  55 43 43  43 43 43  43 43 43  43 43 43  43 43 43  43 43 43  43 43 43  106 43 43  125 43 43  143 43 43  130 43 43  105 43 43  184 43 43  184 43 43  205 43 43  157 43 43  162 43 43  159 43 43  161 43 43  201 43 43  201 43 43  145 43 43  180 43 43  137 43 43  128 43 43  82 43 43  43 43 43  43 43 43  43 43 43  43 43 43  43 43 43  43 43 43  43 43 43  43 43 43  43 43 43  109 43 43  165 43 43  43 43 43  0 0 0  0 0 0  0 0 0  0 0 0  0 0 0  0 0 0  0 0 0  0 0 0  0 0 0  0 0 0  0 0 0  0 0 0  0 0 0  0 0 0  0 0 0  0 0 0  0 0 0  0 0 0  0 0 0  0 0 0  0 0 0  0 0 0  0 0 0  0 0 0  0 0 0  0 0 0  0 0 0  0 0 0  0 0 0  0 0 0 
 0 0 0  0 0 0  0 0 0  0 0 0  0 0 0  0 0 0  0 0 0  0 0 0  0 0 0  0 0 0  0 0 0  0 0 0  0 0 0  0 0 0  0 0 0  0 0 0  0 0 0  0 0 0  0 0 0  0 0 0  0 0 0  0 0 0  0 0 0  0 0 0  0 0 0  0 0 0  0 0 0  0 0 0  43 43 43  147 43 43  109 43 43  43 43 43  43 43 43  55 43 43  43 43 43  43 43 43  43 43 43  43 43 43  43 43 43  104 43 43  143 43 43  141 43 43  125 43 43  189 43 43  130 43 43  189 43 43  126 43 43  124 43 43  178 43 43  154 43 43  173 43 43  127 43 43  178 43 43  178 43 43  151 43 43  151 43 43  137 43 43  161 43 43  143 43 43  104 43 43  43 43 43  43 43 43  43 43 43  43 43 43  43 43 43  43 43 43  43 43 43  43 43 43  109 43 43  165 43 43  43 43 43  0 0 0  0 0 0  0 0 0  0 0 0  0 0 0  0 0 0  0 0 0  0 0 0  0 0 0  0 0 0  0 0 0  0 0 0  0 0 0  0 0 0  0 0 0  0 0 0  0 0 0  0 0 0  0 0 0  0 0 0  0 0 0  0 0 0  0 0 0  0 0 0  0 0 0  0 0 0  0 0 0  0 0 0  0 0 0  0 0 0 
 0 0 0  0 0 0  0 0 0  0 0 0  0 0 0  0 0 0  0 0 0  0 0 0  0 0 0  0 0 0  0 0 0  0 0 0  0 0 0  0 0 0  0 0 0  0 0 0  0 0 0  0 0 0  0 0 0  0 0 0  0 0 0  0 0 0  0 0 0  0 0 0  0 0 0  0 0 0  0 0 0  0 0 0  43 43 43  109 43 43  109 43 43  109 43 43  43 43 43  43 43 43  43 43 43  43 43 43  43 43 43  43 43 43  43 43 43  104 43 43  143 43 43  165 43 43  141 43 43  180 43 43  180 43 43  159 43 43  111 43 43  218 43 43  177 43 43  154 43 43  170 43 43  218 43 43  220 43 43  165 43 43  165 43 43  165 43 43  149 43 43  161 43 43  143 43 43  104 43 43  43 43 43  43 43 43  43 43 43  43 43 43  43 43 43  43 43 43  109 43 43  109 43 43  109 43 43  109 43 43  43 43 43  0 0 0  0 0 0  0 0 0  0 0 0  0 0 0  0 0 0  0 0 0  0 0 0  0 0 0  0 0 0  0 0 0  0 0 0  0 0 0  0 0 0  0 0 0  0 0 0  0 0 0  0 0 0  0 0 0  0 0 0  0 0 0  0 0 0  0 0 0  0 0 0  0 0 0  0 0 0  0 0 0  0 0 0  0 0 0  0 0 0 
 0 0 0  0 0 0  0 0 0  0 0 0  0 0 0  0 0 0  0 0 0  0 0 0  0 0 0  0 0 0  0 0 0  0 0 0  0 0 0  0 0 0  0 0 0  0 0 0  0 0 0  0 0 0  0 0 0  0 0 0  0 0 0  0 0 0  0 0 0  0 0 0  0 0 0  0 0 0  0 0 0  185 43 43  185 43 43  43 43 43  43 43 43  43 43 43  43 43 43  43 43 43  43 43 43  43 43 43  43 43 43  43 43 43  45 43 43  104 43 43  165 43 43  124 43 43  124 43 43  139 43 43  159 43 43  130 43 43  142 43 43  147 43 43  184 43 43  192 43 43  186 43 43  146 43 43  119 43 43  130 43 43  165 43 43  129 43 43  123 43 43  107 43 43  161 43 43  104 43 43  65 43 43  43 43 43  43 43 43  43 43 43  43 43 43  43 43 43  43 43 43  43 43 43  43 43 43  43 43 43  185 43 43  185 43 43  0 0 0  0 0 0  0 0 0  0 0 0  0 0 0  0 0 0  0 0 0  0 0 0  0 0 0  0 0 0  0 0 0  0 0 0  0 0 0  0 0 0  0 0 0  0 0 0  0 0 0  0 0 0  0 0 0  0 0 0  0 0 0  0 0 0  0 0 0  0 0 0  0 0 0  0 0 0  0 0 0  0 0 0  0 0 0 
 0 0 0  0 0 0  0 0 0  0 0 0  0 0 0  0 0 0  0 0 0  0 0 0  0 0 0  0 0 0  0 0 0  0 0 0  0 0 0  0 0 0  0 0 0  0 0 0  0 0 0  0 0 0  0 0 0  0 0 0  0 0 0  0 0 0  0 0 0  0 0 0  0 0 0  0 0 0  0 0 0  185 43 43  185 43 43  185 43 43  43 43 43  43 43 43  43 43 43  43 43 43  43 43 43  43 43 43  43 43 43  43 43 43  43 43 43  107 43 43  105 43 43  92 43 43  104 43 43  129 43 43  125 43 43  110 43 43  86 43 43  87 43 43  154 43 43  168 43 43  149 43 43  86 43 43  86 43 43  127 43 43  127 43 43  139 43 43  109 43 43  43 43 43  123 43 43  107 43 43  43 43 43  43 43 43  43 43 43  43 43 43  43 43 43  43 43 43  43 43 43  43 43 43  43 43 43  185 43 43  185 43 43  185 43 43  0 0 0  0 0 0  0 0 0  0 0 0  0 0 0  0 0 0  0 0 0  0 0 0  0 0 0  0 0 0  0 0 0  0 0 0  0 0 0  0 0 0  0 0 0  0 0 0  0 0 0  0 0 0  0 0 0  0 0 0  0 0 0  0 0 0  0 0 0  0 0 0  0 0 0  0 0 0  0 0 0  0 0 0  0 0 0 
 0 0 0  0 0 0  0 0 0  0 0 0  0 0 0  0 0 0  0 0 0  0 0 0  0 0 0  0 0 0  0 0 0  0 0 0  0 0 0  0 0 0  0 0 0  0 0 0  0 0 0  0 0 0  0 0 0  0 0 0  0 0 0  0 0 0  0 0 0  0 0 0  0 0 0  0 0 0  0 0 0  43 43 43  43 43 43  43 43 43  43 43 43  43 43 43  43 43 43  43 43 43  43 43 43  43 43 43  43 43 43  43 43 43  52 43 43  43 43 43  43 43 43  43 43 43  43 43 43  43 43 43  43 43 43  224 43 43  117 43 43  54 43 43  91 43 43  107 43 43  91 43 43  54 43 43  219 43 43  234 43 43  43 43 43  43 43 43  43 43 43  43 43 43  43 43 43  43 43 43  100 43 43  43 43 43  43 43 43  43 43 43  43 43 43  43 43 43  43 43 43  43 43 43  43 43 43  43 43 43  43 43 43  43 43 43  0 0 0  0 0 0  0 0 0  0 0 0  0 0 0  0 0 0  0 0 0  0 0 0  0 0 0  0 0 0  0 0 0  0 0 0  0 0 0  0 0 0  0 0 0  0 0 0  0 0 0  0 0 0  0 0 0  0 0 0  0 0 0  0 0 0  0 0 0  0 0 0  0 0 0  0 0 0  0 0 0  0 0 0  0 0 0 
 0 0 0  0 0 0  0 0 0  0 0 0  0 0 0  0 0 0  0 0 0  0 0 0  0 0 0  0 0 0  0 0 0  0 0 0  0 0 0  0 0 0  0 0 0  0 0 0  0 0 0  0 0 0  0 0 0  0 0 0  0 0 0  0 0 0  0 0 0  0 0 0  0 0 0  0 0 0  0 0 0  0 0 0  43 43 43  43 43 43  43 43 43  43 43 43  43 43 43  43 43 43  43 43 43  43 43 43  43 43 43  43 43 43  95 43 43  155 43 43  43 43 43  43 43 43  43 43 43  43 43 43  43 43 43  43 43 43  43 43 43  43 43 43  43 43 43  54 43 43  43 43 43  43 43 43  43 43 43  43 43 43  43 43 43  43 43 43  43 43 43  43 43 43  43 43 43  107 43 43  100 43 43  43 43 43  43 43 43  43 43 43  43 43 43  43 43 43  43 43 43  43 43 43  43 43 43  43 43 43  43 43 43  0 0 0  0 0 0  0 0 0  0 0 0  0 0 0  0 0 0  0 0 0  0 0 0  0 0 0  0 0 0  0 0 0  0 0 0  0 0 0  0 0 0  0 0 0  0 0 0  0 0 0  0 0 0  0 0 0  0 0 0  0 0 0  0 0 0  0 0 0  0 0 0  0 0 0  0 0 0  0 0 0  0 0 0  0 0 0  0 0 0 
 0 0 0  0 0 0  0 0 0  0 0 0  0 0 0  0 0 0  0 0 0  0 0 0  0 0 0  0 0 0  0 0 0  0 0 0  0 0 0  0 0 0  0 0 0  0 0 0  0 0 0  0 0 0  0 0 0  0 0 0  0 0 0  0 0 0  0 0 0  0 0 0  0 0 0  0 0 0  0 0 0  0 0 0  0 0 0  43 43 43  43 43 43  43 43 43  43 43 43  43 43 43  43 43 43  43 43 43  43 43 43  43 43 43  43 43 43  153 43 43  43 43 43  43 43 43  43 43 43  43 43 43  43 43 43  43 43 43  43 43 43  43 43 43  121 43 43  110 43 43  43 43 43  43 43 43  43 43 43  43 43 43  43 43 43  43 43 43  43 43 43  43 43 43  43 43 43  153 43 43  43 43 43  60 43 43  43 43 43  43 43 43  43 43 43  43 43 43  43 43 43  43 43 43  43 43 43  43 43 43  0 0 0  0 0 0  0 0 0  0 0 0  0 0 0  0 0 0  0 0 0  0 0 0  0 0 0  0 0 0  0 0 0  0 0 0  0 0 0  0 0 0  0 0 0  0 0 0  0 0 0  0 0 0  0 0 0  0 0 0  0 0 0  0 0 0  0 0 0  0 0 0  0 0 0  0 0 0  0 0 0  0 0 0  0 0 0  0 0 0  0 0 0 
 0 0 0  0 0 0  0 0 0  0 0 0  0 0 0  0 0 0  0 0 0  0 0 0  0 0 0  0 0 0  0 0 0  0 0 0  0 0 0  0 0 0  0 0 0  0 0 0  0 0 0  0 0 0  0 0 0  0 0 0  0 0 0  0 0 0  0 0 0  0 0 0  0 0 0  0 0 0  0 0 0  0 0 0  0 0 0  43 43 43  43 43 43  43 43 43  43 43 43  43 43 43  43 43 43  43 43 43  43 43 43  43 43 43  43 43 43  77 43 43  168 43 43  43 43 43  43 43 43  43 43 43  43 43 43  43 43 43  43 43 43  43 43 43  147 43 43  215 43 43  140 43 43  43 43 43  43 43 43  43 43 43  43 43 43  43 43 43  43 43 43  43 43 43  131 43 43  121 43 43  43 43 43  43 43 43  43 43 43  43 43 43  43 43 43  43 43 43  43 43 43  43 43 43  43 43 43  43 43 43  0 0 0  0 0 0  0 0 0  0 0 0  0 0 0  0 0 0  0 0 0  0 0 0  0 0 0  0 0 0  0 0 0  0 0 0  0 0 0  0 0 0  0 0 0  0 0 0  0 0 0  0 0 0  0 0 0  0 0 0  0 0 0  0 0 0  0 0 0  0 0 0  0 0 0  0 0 0  0 0 0  0 0 0  0 0 0  0 0 0  0 0 0 
 0 0 0  0 0 0  0 0 0  0 0 0  0 0 0  0 0 0  0 0 0  0 0 0  0 0 0  0 0 0  0 0 0  0 0 0  0 0 0  0 0 0  0 0 0  0 0 0  0 0 0  0 0 0  0 0 0  0 0 0  0 0 0  0 0 0  0 0 0  0 0 0  0 0 0  0 0 0  0 0 0  0 0 0  0 0 0  43 43 43  43 43 43  43 43 43  43 43 43  43 43 43  43 43 43  43 43 43  43 43 43  43 43 43  43 43 43  113 43 43  155 43 43  164 43 43  43 43 43  43 43 43  43 43 43  43 43 43  43 43 43  183 43 43  148 43 43  180 43 43  140 43 43  171 43 43  43 43 43  43 43 43  43 43 43  43 43 43  43 43 43  151 43 43  147 43 43  121 43 43  43 43 43  43 43 43  43 43 43  43 43 43  43 43 43  43 43 43  43 43 43  43 43 43  43 43 43  43 43 43  0 0 0  0 0 0  0 0 0  0 0 0  0 0 0  0 0 0  0 0 0  0 0 0  0 0 0  0 0 0  0 0 0  0 0 0  0 0 0  0 0 0  0 0 0  0 0 0  0 0 0  0 0 0  0 0 0  0 0 0  0 0 0  0 0 0  0 0 0  0 0 0  0 0 0  0 0 0  0 0 0  0 0 0  0 0 0  0 0 0  0 0 0 
 0 0 0  0 0 0  0 0 0  0 0 0  0 0 0  0 0 0  0 0 0  0 0 0  0 0 0  0 0 0  0 0 0  0 0 0  0 0 0  0 0 0  0 0 0  0 0 0  0 0 0  0 0 0  0 0 0  0 0 0  0 0 0  0 0 0  0 0 0  0 0 0  0 0 0  0 0 0  0 0 0  0 0 0  0 0 0  0 0 0  43 43 43  43 43 43  43 43 43  43 43 43  43 43 43  43 43 43  43 43 43  43 43 43  43 43 43  43 43 43  150 43 43  149 43 43  163 43 43  43 43 43  43 43 43  105 43 43  105 43 43  129 43 43  191 43 43  179 43 43  169 43 43  133 43 43  162 43 43  162 43 43  43 43 43  43 43 43  159 43 43  160 43 43  162 43 43  43 43 43  43 43 43  43 43 43  43 43 43  43 43 43  43 43 43  43 43 43  43 43 43  43 43 43  43 43 43  0 0 0  0 0 0  0 0 0  0 0 0  0 0 0  0 0 0  0 0 0  0 0 0  0 0 0  0 0 0  0 0 0  0 0 0  0 0 0  0 0 0  0 0 0  0 0 0  0 0 0  0 0 0  0 0 0  0 0 0  0 0 0  0 0 0  0 0 0  0 0 0  0 0 0  0 0 0  0 0 0  0 0 0  0 0 0  0 0 0  0 0 0  0 0 0 
 0 0 0  0 0 0  0 0 0  0 0 0  0 0 0  0 0 0  0 0 0  0 0 0  0 0 0  0 0 0  0 0 0  0 0 0  0 0 0  0 0 0  0 0 0  0 0 0  0 0 0  0 0 0  0 0 0  0 0 0  0 0 0  0 0 0  0 0 0  0 0 0  0 0 0  0 0 0  0 0 0  0 0 0  0 0 0  0 0 0  43 43 43  43 43 43  43 43 43  43 43 43  43 43 43  43 43 43  43 43 43  43 43 43  43 43 43  43 43 43  137 43 43  193 43 43  222 43 43  133 43 43  106 43 43  148 43 43  148 43 43  135 43 43  191 43 43  179 43 43  173 43 43  132 43 43  162 43 43  97 43 43  110 43 43  128 43 43  199 43 43  137 43 43  137 43 43  43 43 43  43 43 43  43 43 43  43 43 43  43 43 43  43 43 43  43 43 43  43 43 43  43 43 43  43 43 43  0 0 0  0 0 0  0 0 0  0 0 0  0 0 0  0 0 0  0 0 0  0 0 0  0 0 0  0 0 0  0 0 0  0 0 0  0 0 0  0 0 0  0 0 0  0 0 0  0 0 0  0 0 0  0 0 0  0 0 0  0 0 0  0 0 0  0 0 0  0 0 0  0 0 0  0 0 0  0 0 0  0 0 0  0 0 0  0 0 0  0 0 0  0 0 0 
 0 0 0  0 0 0  0 0 0  0 0 0  0 0 0  0 0 0  0 0 0  0 0 0  0 0 0  0 0 0  0 0 0  0 0 0  0 0 0  0 0 0  0 0 0  0 0 0  0 0 0  0 0 0  0 0 0  0 0 0  0 0 0  0 0 0  0 0 0  0 0 0  0 0 0  0 0 0  0 0 0  0 0 0  0 0 0  0 0 0  0 0 0  43 43 43  43 43 43  43 43 43  43 43 43  43 43 43  43 43 43  43 43 43  43 43 43  69 43 43  62 43 43  119 43 43  186 43 43  220 43 43  218 43 43  168 43 43  57 43 43  110 43 43  178 43 43  181 43 43  179 43 43  110 43 43  57 43 43  217 43 43  219 43 43  219 43 43  213 43 43  163 43 43  54 43 43  43 43 43  43 43 43  43 43 43  43 43 43  43 43 43  43 43 43  43 43 43  43 43 43  43 43 43  0 0 0  0 0 0  0 0 0  0 0 0  0 0 0  0 0 0  0 0 0  0 0 0  0 0 0  0 0 0  0 0 0  0 0 0  0 0 0  0 0 0  0 0 0  0 0 0  0 0 0  0 0 0  0 0 0  0 0 0  0 0 0  0 0 0  0 0 0  0 0 0  0 0 0  0 0 0  0 0 0  0 0 0  0 0 0  0 0 0  0 0 0  0 0 0  0 0 0 
 0 0 0  0 0 0  0 0 0  0 0 0  0 0 0  0 0 0  0 0 0  0 0 0  0 0 0  0 0 0  0 0 0  0 0 0  0 0 0  0 0 0  0 0 0  0 0 0  0 0 0  0 0 0  0 0 0  0 0 0  0 0 0  0 0 0  0 0 0  0 0 0  0 0 0  0 0 0  0 0 0  0 0 0  0 0 0  0 0 0  0 0 0  0 0 0  0 0 0  43 43 43  43 43 43  43 43 43  43 43 43  43 43 43  43 43 43  51 43 43  52 43 43  94 43 43  165 43 43  162 43 43  220 43 43  225 43 43  136 43 43  105 43 43  146 43 43  217 43 43  199 43 43  96 43 43  136 43 43  165 43 43  219 43 43  167 43 43  148 43 43  146 43 43  58 43 43  50 43 43  43 43 43  43 43 43  43 43 43  43 43 43  43 43 43  43 43 43  0 0 0  0 0 0  0 0 0  0 0 0  0 0 0  0 0 0  0 0 0  0 0 0  0 0 0  0 0 0  0 0 0  0 0 0  0 0 0  0 0 0  0 0 0  0 0 0  0 0 0  0 0 0  0 0 0  0 0 0  0 0 0  0 0 0  0 0 0  0 0 0  0 0 0  0 0 0  0 0 0  0 0 0  0 0 0  0 0 0  0 0 0  0 0 0  0 0 0  0 0 0  0 0 0 
 0 0 0  0 0 0  0 0 0  0 0 0  0 0 0  0 0 0  0 0 0  0 0 0  0 0 0  0 0 0  0 0 0  0 0 0  0 0 0  0 0 0  0 0 0  0 0 0  0 0 0  0 0 0  0 0 0  0 0 0  0 0 0  0 0 0  0 0 0  0 0 0  0 0 0  0 0 0  0 0 0  0 0 0  0 0 0  0 0 0  0 0 0  0 0 0  0 0 0  0 0 0  0 0 0  43 43 43  43 43 43  43 43 43  43 43 43  43 43 43  55 43 43  115 43 43  157 43 43  162 43 43  153 43 43  163 43 43  99 43 43  197 43 43  174 43 43  217 43 43  127 43 43  129 43 43  56 43 43  173 43 43  146 43 43  167 43 43  173 43 43  67 43 43  52 43 43  43 43 43  43 43 43  43 43 43  43 43 43  43 43 43  0 0 0  0 0 0  0 0 0  0 0 0  0 0 0  0 0 0  0 0 0  0 0 0  0 0 0  0 0 0  0 0 0  0 0 0  0 0 0  0 0 0  0 0 0  0 0 0  0 0 0  0 0 0  0 0 0  0 0 0  0 0 0  0 0 0  0 0 0  0 0 0  0 0 0  0 0 0  0 0 0  0 0 0  0 0 0  0 0 0  0 0 0  0 0 0  0 0 0  0 0 0  0 0 0  0 0 0  0 0 0 
 0 0 0  0 0 0  0 0 0  0 0 0  0 0 0  0 0 0  0 0 0  0 0 0  0 0 0  0 0 0  0 0 0  0 0 0  0 0 0  0 0 0  0 0 0  0 0 0  0 0 0  0 0 0  0 0 0  0 0 0  0 0 0  0 0 0  0 0 0  0 0 0  0 0 0  0 0 0  0 0 0  0 0 0  0 0 0  0 0 0  0 0 0  0 0 0  0 0 0  0 0 0  0 0 0  43 43 43  43 43 43  43 43 43  43 43 43  43 43 43  55 43 43  56 43 43  84 43 43  99 43 43  129 43 43  111 43 43  43 43 43  43 43 43  43 43 43  55 43 43  43 43 43  43 43 43  43 43 43  173 43 43  129 43 43  119 43 43  76 43 43  56 43 43  56 43 43  43 43 43  43 43 43  43 43 43  43 43 43  43 43 43  0 0 0  0 0 0  0 0 0  0 0 0  0 0 0  0 0 0  0 0 0  0 0 0  0 0 0  0 0 0  0 0 0  0 0 0  0 0 0  0 0 0  0 0 0  0 0 0  0 0 0  0 0 0  0 0 0  0 0 0  0 0 0  0 0 0  0 0 0  0 0 0  0 0 0  0 0 0  0 0 0  0 0 0  0 0 0  0 0 0  0 0 0  0 0 0  0 0 0  0 0 0  0 0 0  0 0 0  0 0 0 
 0 0 0  0 0 0  0 0 0  0 0 0  0 0 0  0 0 0  0 0 0  0 0 0  0 0 0  0 0 0  0 0 0  0 0 0  0 0 0  0 0 0  0 0 0  0 0 0  0 0 0  0 0 0  0 0 0  0 0 0  0 0 0  0 0 0  0 0 0  0 0 0  0 0 0  0 0 0  0 0 0  0 0 0  0 0 0  0 0 0  0 0 0  0 0 0  0 0 0  0 0 0  0 0 0  0 0 0  43 43 43  43 43 43  43 43 43  43 43 43  47 43 43  56 43 43  84 43 43  99 43 43  148 43 43  209 43 43  171 43 43  43 43 43  43 43 43  43 43 43  43 43 43  43 43 43  216 43 43  140 43 43  148 43 43  76 43 43  76 43 43  56 43 43  43 43 43  43 43 43  43 43 43  43 43 43  43 43 43  0 0 0  0 0 0  0 0 0  0 0 0  0 0 0  0 0 0  0 0 0  0 0 0  0 0 0  0 0 0  0 0 0  0 0 0  0 0 0  0 0 0  0 0 0  0 0 0  0 0 0  0 0 0  0 0 0  0 0 0  0 0 0  0 0 0  0 0 0  0 0 0  0 0 0  0 0 0  0 0 0  0 0 0  0 0 0  0 0 0  0 0 0  0 0 0  0 0 0  0 0 0  0 0 0  0 0 0  0 0 0  0 0 0 
 0 0 0  0 0 0  0 0 0  0 0 0  0 0 0  0 0 0  0 0 0  0 0 0  0 0 0  0 0 0  0 0 0  0 0 0  0 0 0  0 0 0  0 0 0  0 0 0  0 0 0  0 0 0  0 0 0  0 0 0  0 0 0  0 0 0  0 0 0  0 0 0  0 0 0  0 0 0  0 0 0  0 0 0  0 0 0  0 0 0  0 0 0  0 0 0  0 0 0  0 0 0  0 0 0  43 43 43  43 43 43  240 43 43  183 43 43  43 43 43  47 43 43  55 43 43  57 43 43  82 43 43  119 43 43  99 43 43  138 43 43  160 43 43  43 43 43  43 43 43  43 43 43  157 43 43  91 43 43  115 43 43  93 43 43  82 43 43  61 43 43  61 43 43  64 43 43  43 43 43  198 43 43  242 43 43  43 43 43  43 43 43  0 0 0  0 0 0  0 0 0  0 0 0  0 0 0  0 0 0  0 0 0  0 0 0  0 0 0  0 0 0  0 0 0  0 0 0  0 0 0  0 0 0  0 0 0  0 0 0  0 0 0  0 0 0  0 0 0  0 0 0  0 0 0  0 0 0  0 0 0  0 0 0  0 0 0  0 0 0  0 0 0  0 0 0  0 0 0  0 0 0  0 0 0  0 0 0  0 0 0  0 0 0  0 0 0  0 0 0  0 0 0 
 0 0 0  0 0 0  0 0 0  0 0 0  0 0 0  0 0 0  0 0 0  0 0 0  0 0 0  0 0 0  0 0 0  0 0 0  0 0 0  0 0 0  0 0 0  0 0 0  0 0 0  0 0 0  0 0 0  0 0 0  0 0 0  0 0 0  0 0 0  0 0 0  0 0 0  0 0 0  0 0 0  0 0 0  0 0 0  0 0 0  0 0 0  0 0 0  0 0 0  0 0 0  43 43 43  43 43 43  127 43 43  235 43 43  206 43 43  43 43 43  43 43 43  43 43 43  72 43 43  87 43 43  147 43 43  43 43 43  43 43 43  43 43 43  43 43 43  43 43 43  43 43 43  43 43 43  43 43 43  43 43 43  128 43 43  95 43 43  61 43 43  74 43 43  70 43 43  43 43 43  206 43 43  241 43 43  126 43 43  43 43 43  43 43 43  0 0 0  0 0 0  0 0 0  0 0 0  0 0 0  0 0 0  0 0 0  0 0 0  0 0 0  0 0 0  0 0 0  0 0 0  0 0 0  0 0 0  0 0 0  0 0 0  0 0 0  0 0 0  0 0 0  0 0 0  0 0 0  0 0 0  0 0 0  0 0 0  0 0 0  0 0 0  0 0 0  0 0 0  0 0 0  0 0 0  0 0 0  0 0 0  0 0 0  0 0 0  0 0 0  0 0 0 
 0 0 0  0 0 0  0 0 0  0 0 0  0 0 0  0 0 0  0 0 0  0 0 0  0 0 0  0 0 0  0 0 0  0 0 0  0 0 0  0 0 0  0 0 0  0 0 0  0 0 0  0 0 0  0 0 0  0 0 0  0 0 0  0 0 0  0 0 0  0 0 0  0 0 0  0 0 0  0 0 0  0 0 0  0 0 0  0 0 0  0 0 0  0 0 0  0 0 0  0 0 0  43 43 43  43 43 43  127 43 43  206 43 43  206 43 43  43 43 43  43 43 43  95 43 43  43 43 43  45 43 43  49 43 43  167 43 43  43 43 43  229 43 43  242 43 43  43 43 43  236 43 43  227 43 43  43 43 43  167 43 43  67 43 43  72 43 43  47 43 43  74 43 43  43 43 43  43 43 43  206 43 43  206 43 43  135 43 43  43 43 43  43 43 43  0 0 0  0 0 0  0 0 0  0 0 0  0 0 0  0 0 0  0 0 0  0 0 0  0 0 0  0 0 0  0 0 0  0 0 0  0 0 0  0 0 0  0 0 0  0 0 0  0 0 0  0 0 0  0 0 0  0 0 0  0 0 0  0 0 0  0 0 0  0 0 0  0 0 0  0 0 0  0 0 0  0 0 0  0 0 0  0 0 0  0 0 0  0 0 0  0 0 0  0 0 0  0 0 0  0 0 0 
 0 0 0  0 0 0  0 0 0  0 0 0  0 0 0  0 0 0  0 0 0  0 0 0  0 0 0  0 0 0  0 0 0  0 0 0  0 0 0  0 0 0  0 0 0  0 0 0  0 0 0  0 0 0  0 0 0  0 0 0  0 0 0  0 0 0  0 0 0  0 0 0  0 0 0  0 0 0  0 0 0  0 0 0  0 0 0  0 0 0  0 0 0  0 0 0  0 0 0  219 43 43  251 43 43  250 43 43  136 43 43  236 43 43  224 43 43  224 43 43  78 43 43  65 43 43  107 43 43  78 43 43  78 43 43  44 43 43  68 43 43  43 43 43  43 43 43  43 43 43  43 43 43  43 43 43  69 43 43  109 43 43  55 43 43  55 43 43  101 43 43  107 43 43  78 43 43  224 43 43  224 43 43  235 43 43  135 43 43  251 43 43  251 43 43  43 43 43  0 0 0  0 0 0  0 0 0  0 0 0  0 0 0  0 0 0  0 0 0  0 0 0  0 0 0  0 0 0  0 0 0  0 0 0  0 0 0  0 0 0  0 0 0  0 0 0  0 0 0  0 0 0  0 0 0  0 0 0  0 0 0  0 0 0  0 0 0  0 0 0  0 0 0  0 0 0  0 0 0  0 0 0  0 0 0  0 0 0  0 0 0  0 0 0  0 0 0  0 0 0  0 0 0 
 0 0 0  0 0 0  0 0 0  0 0 0  0 0 0  0 0 0  0 0 0  0 0 0  0 0 0  0 0 0  0 0 0  0 0 0  0 0 0  0 0 0  0 0 0  0 0 0  0 0 0  0 0 0  0 0 0  0 0 0  0 0 0  0 0 0  0 0 0  0 0 0  0 0 0  0 0 0  0 0 0  0 0 0  0 0 0  0 0 0  0 0 0  0 0 0  0 0 0  251 43 43  250 43 43  174 43 43  135 43 43  236 43 43  223 43 43  223 43 43  43 43 43  93 43 43  140 43 43  107 43 43  126 43 43  125 43 43  113 43 43  144 43 43  207 43 43  198 43 43  201 43 43  146 43 43  113 43 43  112 43 43  126 43 43  63 43 43  135 43 43  57 43 43  43 43 43  224 43 43  223 43 43  236 43 43  200 43 43  174 43 43  250 43 43  250 43 43  0 0 0  0 0 0  0 0 0  0 0 0  0 0 0  0 0 0  0 0 0  0 0 0  0 0 0  0 0 0  0 0 0  0 0 0  0 0 0  0 0 0  0 0 0  0 0 0  0 0 0  0 0 0  0 0 0  0 0 0  0 0 0  0 0 0  0 0 0  0 0 0  0 0 0  0 0 0  0 0 0  0 0 0  0 0 0  0 0 0  0 0 0  0 0 0  0 0 0  0 0 0  0 0 0 
 0 0 0  0 0 0  0 0 0  0 0 0  0 0 0  0 0 0  0 0 0  0 0 0  0 0 0  0 0 0  0 0 0  0 0 0  0 0 0  0 0 0  0 0 0  0 0 0  0 0 0  0 0 0  0 0 0  0 0 0  0 0 0  0 0 0  0 0 0  0 0 0  0 0 0  0 0 0  0 0 0  0 0 0  0 0 0  0 0 0  0 0 0  0 0 0  189 43 43  250 43 43  250 43 43  174 43 43  207 43 43  209 43 43  236 43 43  206 43 43  43 43 43  43 43 43  43 43 43  140 43 43  119 43 43  167 43 43  185 43 43  119 43 43  142 43 43  128 43 43  141 43 43  127 43 43  177 43 43  167 43 43  141 43 43  112 43 43  43 43 43  43 43 43  43 43 43  229 43 43  235 43 43  208 43 43  200 43 43  174 43 43  249 43 43  249 43 43  196 43 43  0 0 0  0 0 0  0 0 0  0 0 0  0 0 0  0 0 0  0 0 0  0 0 0  0 0 0  0 0 0  0 0 0  0 0 0  0 0 0  0 0 0  0 0 0  0 0 0  0 0 0  0 0 0  0 0 0  0 0 0  0 0 0  0 0 0  0 0 0  0 0 0  0 0 0  0 0 0  0 0 0  0 0 0  0 0 0  0 0 0  0 0 0  0 0 0  0 0 0  0 0 0 
 0 0 0  0 0 0  0 0 0  0 0 0  0 0 0  0 0 0  0 0 0  0 0 0  0 0 0  0 0 0  0 0 0  0 0 0  0 0 0  0 0 0  0 0 0  0 0 0  0 0 0  0 0 0  0 0 0  0 0 0  0 0 0  0 0 0  0 0 0  0 0 0  0 0 0  0 0 0  0 0 0  0 0 0  0 0 0  0 0 0  0 0 0  212 43 43  176 43 43  247 43 43  250 43 43  188 43 43  207 43 43  209 43 43  202 43 43  249 43 43  250 43 43  250 43 43  43 43 43  43 43 43  115 43 43  167 43 43  189 43 43  191 43 43  118 43 43  65 43 43  152 43 43  191 43 43  189 43 43  165 43 43  123 43 43  43 43 43  43 43 43  244 43 43  250 43 43  249 43 43  208 43 43  208 43 43  200 43 43  188 43 43  247 43 43  249 43 43  179 43 43  214 43 43  0 0 0  0 0 0  0 0 0  0 0 0  0 0 0  0 0 0  0 0 0  0 0 0  0 0 0  0 0 0  0 0 0  0 0 0  0 0 0  0 0 0  0 0 0  0 0 0  0 0 0  0 0 0  0 0 0  0 0 0  0 0 0  0 0 0  0 0 0  0 0 0  0 0 0  0 0 0  0 0 0  0 0 0  0 0 0  0 0 0  0 0 0  0 0 0  0 0 0 
 0 0 0  0 0 0  0 0 0  0 0 0  0 0 0  0 0 0  0 0 0  0 0 0  0 0 0  0 0 0  0 0 0  0 0 0  0 0 0  0 0 0  0 0 0  0 0 0  0 0 0  0 0 0  0 0 0  0 0 0  0 0 0  0 0 0  0 0 0  0 0 0  0 0 0  0 0 0  0 0 0  0 0 0  0 0 0  0 0 0  210 43 43  236 43 43  247 43 43  247 43 43  250 43 43  180 43 43  180 43 43  209 43 43  193 43 43  195 43 43  181 43 43  181 43 43  43 43 43  43 43 43  43 43 43  43 43 43  54 43 43  52 43 43  52 43 43  101 43 43  105 43 43  54 43 43  47 43 43  43 43 43  43 43 43  43 43 43  43 43 43  195 43 43  195 43 43  195 43 43  193 43 43  200 43 43  189 43 43  183 43 43  247 43 43  247 43 43  249 43 43  186 43 43  211 43 43  0 0 0  0 0 0  0 0 0  0 0 0  0 0 0  0 0 0  0 0 0  0 0 0  0 0 0  0 0 0  0 0 0  0 0 0  0 0 0  0 0 0  0 0 0  0 0 0  0 0 0  0 0 0  0 0 0  0 0 0  0 0 0  0 0 0  0 0 0  0 0 0  0 0 0  0 0 0  0 0 0  0 0 0  0 0 0  0 0 0  0 0 0  0 0 0 
 0 0 0  0 0 0  0 0 0  0 0 0  0 0 0  0 0 0  0 0 0  0 0 0  0 0 0  0 0 0  0 0 0  0 0 0  0 0 0  0 0 0  0 0 0  0 0 0  0 0 0  0 0 0  0 0 0  0 0 0  0 0 0  0 0 0  0 0 0  0 0 0  0 0 0  0 0 0  0 0 0  0 0 0  202 43 43  219 43 43  210 43 43  236 43 43  247 43 43  247 43 43  240 43 43  191 43 43  191 43 43  185 43 43  193 43 43  195 43 43  181 43 43  182 43 43  213 43 43  43 43 43  43 43 43  43 43 43  43 43 43  43 43 43  43 43 43  43 43 43  43 43 43  43 43 43  43 43 43  43 43 43  43 43 43  171 43 43  171 43 43  171 43 43  178 43 43  178 43 43  193 43 43  184 43 43  189 43 43  183 43 43  230 43 43  247 43 43  249 43 43  230 43 43  218 43 43  211 43 43  194 43 43  0 0 0  0 0 0  0 0 0  0 0 0  0 0 0  0 0 0  0 0 0  0 0 0  0 0 0  0 0 0  0 0 0  0 0 0  0 0 0  0 0 0  0 0 0  0 0 0  0 0 0  0 0 0  0 0 0  0 0 0  0 0 0  0 0 0  0 0 0  0 0 0  0 0 0  0 0 0  0 0 0  0 0 0  0 0 0  0 0 0 
 0 0 0  0 0 0  0 0 0  0 0 0  0 0 0  0 0 0  0 0 0  0 0 0  0 0 0  0 0 0  0 0 0  0 0 0  0 0 0  0 0 0  0 0 0  0 0 0  0 0 0  0 0 0  0 0 0  0 0 0  0 0 0  0 0 0  0 0 0  0 0 0  0 0 0  0 0 0  0 0 0  218 43 43  234 43 43  219 43 43  210 43 43  236 43 43  240 43 43  240 43 43  234 43 43  165 43 43  185 43 43  185 43 43  193 43 43  193 43 43  195 43 43  182 43 43  213 43 43  213 43 43  43 43 43  43 43 43  43 43 43  43 43 43  43 43 43  43 43 43  43 43 43  43 43 43  43 43 43  43 43 43  43 43 43  226 43 43  226 43 43  226 43 43  178 43 43  189 43 43  193 43 43  187 43 43  184 43 43  165 43 43  230 43 43  230 43 43  246 43 43  230 43 43  218 43 43  211 43 43  220 43 43  220 43 43  193 43 43  0 0 0  0 0 0  0 0 0  0 0 0  0 0 0  0 0 0  0 0 0  0 0 0  0 0 0  0 0 0  0 0 0  0 0 0  0 0 0  0 0 0  0 0 0  0 0 0  0 0 0  0 0 0  0 0 0  0 0 0  0 0 0  0 0 0  0 0 0  0 0 0  0 0 0  0 0 0  0 0 0  0 0 0 
 0 0 0  0 0 0  0 0 0  0 0 0  0 0 0  0 0 0  0 0 0  0 0 0  0 0 0  0 0 0  0 0 0  0 0 0  0 0 0  0 0 0  0 0 0  0 0 0  0 0 0  0 0 0  0 0 0  0 0 0  0 0 0  0 0 0  0 0 0  0 0 0  0 0 0  195 43 43  218 43 43  226 43 43  219 43 43  219 43 43  236 43 43  214 43 43  240 43 43  234 43 43  234 43 43  153 43 43  153 43 43  185 43 43  192 43 43  187 43 43  193 43 43  193 43 43  213 43 43  43 43 43  43 43 43  43 43 43  43 43 43  43 43 43  43 43 43  43 43 43  43 43 43  43 43 43  43 43 43  43 43 43  43 43 43  43 43 43  226 43 43  194 43 43  193 43 43  189 43 43  193 43 43  187 43 43  227 43 43  172 43 43  246 43 43  246 43 43  246 43 43  225 43 43  230 43 43  218 43 43  211 43 43  220 43 43  220 43 43  195 43 43  0 0 0  0 0 0  0 0 0  0 0 0  0 0 0  0 0 0  0 0 0  0 0 0  0 0 0  0 0 0  0 0 0  0 0 0  0 0 0  0 0 0  0 0 0  0 0 0  0 0 0  0 0 0  0 0 0  0 0 0  0 0 0  0 0 0  0 0 0  0 0 0  0 0 0  0 0 0  0 0 0 
 0 0 0  0 0 0  0 0 0  0 0 0  0 0 0  0 0 0  0 0 0  0 0 0  0 0 0  0 0 0  0 0 0  0 0 0  0 0 0  0 0 0  0 0 0  0 0 0  0 0 0  0 0 0  0 0 0  0 0 0  0 0 0  0 0 0  0 0 0  218 43 43  218 43 43  218 43 43  226 43 43  234 43 43  198 43 43  198 43 43  237 43 43  214 43 43  143 43 43  252 43 43  252 43 43  233 43 43  233 43 43  251 43 43  251 43 43  255 43 43  194 43 43  194 43 43  43 43 43  43 43 43  43 43 43  43 43 43  43 43 43  43 43 43  43 43 43  43 43 43  43 43 43  43 43 43  43 43 43  43 43 43  43 43 43  43 43 43  43 43 43  194 43 43  193 43 43  252 43 43  252 43 43  249 43 43  227 43 43  227 43 43  252 43 43  252 43 43  140 43 43  226 43 43  225 43 43  206 43 43  206 43 43  236 43 43  220 43 43  220 43 43  225 43 43  218 43 43  0 0 0  0 0 0  0 0 0  0 0 0  0 0 0  0 0 0  0 0 0  0 0 0  0 0 0  0 0 0  0 0 0  0 0 0  0 0 0  0 0 0  0 0 0  0 0 0  0 0 0  0 0 0  0 0 0  0 0 0  0 0 0  0 0 0  0 0 0  0 0 0  0 0 0 
 0 0 0  0 0 0  0 0 0  0 0 0  0 0 0  0 0 0  0 0 0  0 0 0  0 0 0  0 0 0  0 0 0  0 0 0  0 0 0  0 0 0  0 0 0  0 0 0  0 0 0  0 0 0  0 0 0  0 0 0  0 0 0  0 0 0  224 43 43  224 43 43  218 43 43  226 43 43  224 43 43  227 43 43  215 43 43  215 43 43  237 43 43  237 43 43  143 43 43  252 43 43  252 43 43  216 43 43  233 43 43  254 43 43  254 43 43  251 43 43  251 43 43  43 43 43  43 43 43  43 43 43  43 43 43  43 43 43  43 43 43  43 43 43  43 43 43  43 43 43  43 43 43  43 43 43  43 43 43  43 43 43  43 43 43  43 43 43  43 43 43  43 43 43  252 43 43  254 43 43  254 43 43  254 43 43  246 43 43  217 43 43  252 43 43  252 43 43  140 43 43  226 43 43  225 43 43  209 43 43  206 43 43  222 43 43  219 43 43  225 43 43  225 43 43  231 43 43  217 43 43  193 43 43  0 0 0  0 0 0  0 0 0  0 0 0  0 0 0  0 0 0  0 0 0  0 0 0  0 0 0  0 0 0  0 0 0  0 0 0  0 0 0  0 0 0  0 0 0  0 0 0  0 0 0  0 0 0  0 0 0  0 0 0  0 0 0  0 0 0  0 0 0 
 0 0 0  0 0 0  0 0 0  0 0 0  0 0 0  0 0 0  0 0 0  0 0 0  0 0 0  0 0 0  0 0 0  0 0 0  0 0 0  0 0 0  0 0 0  0 0 0  0 0 0  0 0 0  0 0 0  0 0 0  224 43 43  224 43 43  224 43 43  226 43 43  224 43 43  224 43 43  224 43 43  227 43 43  215 43 43  210 43 43  210 43 43  242 43 43  45 43 43  211 43 43  195 43 43  248 43 43  248 43 43  247 43 43  254 43 43  43 43 43  43 43 43  43 43 43  43 43 43  43 43 43  253 43 43  43 43 43  43 43 43  43 43 43  43 43 43  43 43 43  43 43 43  43 43 43  43 43 43  43 43 43  245 43 43  43 43 43  43 43 43  43 43 43  43 43 43  43 43 43  251 43 43  252 43 43  252 43 43  252 43 43  196 43 43  218 43 43  140 43 43  238 43 43  210 43 43  210 43 43  209 43 43  226 43 43  219 43 43  219 43 43  219 43 43  225 43 43  231 43 43  231 43 43  217 43 43  0 0 0  0 0 0  0 0 0  0 0 0  0 0 0  0 0 0  0 0 0  0 0 0  0 0 0  0 0 0  0 0 0  0 0 0  0 0 0  0 0 0  0 0 0  0 0 0  0 0 0  0 0 0  0 0 0  0 0 0  0 0 0  0 0 0 
 0 0 0  0 0 0  0 0 0  0 0 0  0 0 0  0 0 0  0 0 0  0 0 0  0 0 0  0 0 0  0 0 0  0 0 0  0 0 0  0 0 0  0 0 0  0 0 0  0 0 0  0 0 0  216 43 43  224 43 43  224 43 43  233 43 43  236 43 43  224 43 43  224 43 43  224 43 43  224 43 43  220 43 43  210 43 43  210 43 43  210 43 43  231 43 43  231 43 43  196 43 43  239 43 43  43 43 43  43 43 43  43 43 43  43 43 43  43 43 43  43 43 43  43 43 43  43 43 43  200 43 43  221 43 43  221 43 43  43 43 43  43 43 43  43 43 43  43 43 43  43 43 43  43 43 43  43 43 43  235 43 43  224 43 43  197 43 43  43 43 43  43 43 43  43 43 43  43 43 43  43 43 43  43 43 43  43 43 43  43 43 43  239 43 43  195 43 43  234 43 43  238 43 43  210 43 43  210 43 43  211 43 43  223 43 43  230 43 43  230 43 43  230 43 43  230 43 43  233 43 43  233 43 43  231 43 43  217 43 43  216 43 43  0 0 0  0 0 0  0 0 0  0 0 0  0 0 0  0 0 0  0 0 0  0 0 0  0 0 0  0 0 0  0 0 0  0 0 0  0 0 0  0 0 0  0 0 0  0 0 0  0 0 0  0 0 0  0 0 0  0 0 0 
 0 0 0  0 0 0  0 0 0  0 0 0  0 0 0  0 0 0  0 0 0  0 0 0  0 0 0  0 0 0  0 0 0  0 0 0  0 0 0  0 0 0  0 0 0  0 0 0  0 0 0  221 43 43  224 43 43  233 43 43  236 43 43  234 43 43  234 43 43  230 43 43  218 43 43  218 43 43  218 43 43  235 43 43  210 43 43  210 43 43  210 43 43  231 43 43  231 43 43  43 43 43  43 43 43  43 43 43  43 43 43  43 43 43  43 43 43  249 43 43  249 43 43  185 43 43  211 43 43  198 43 43  201 43 43  236 43 43  237 43 43  182 43 43  245 43 43  224 43 43  248 43 43  182 43 43  237 43 43  235 43 43  213 43 43  197 43 43  211 43 43  172 43 43  242 43 43  242 43 43  43 43 43  43 43 43  43 43 43  43 43 43  43 43 43  43 43 43  234 43 43  234 43 43  210 43 43  211 43 43  211 43 43  223 43 43  224 43 43  223 43 43  223 43 43  223 43 43  231 43 43  231 43 43  238 43 43  233 43 43  217 43 43  224 43 43  0 0 0  0 0 0  0 0 0  0 0 0  0 0 0  0 0 0  0 0 0  0 0 0  0 0 0  0 0 0  0 0 0  0 0 0  0 0 0  0 0 0  0 0 0  0 0 0  0 0 0  0 0 0  0 0 0 
 0 0 0  0 0 0  0 0 0  0 0 0  0 0 0  0 0 0  0 0 0  0 0 0  0 0 0  0 0 0  0 0 0  0 0 0  0 0 0  0 0 0  0 0 0  0 0 0  220 43 43  233 43 43  234 43 43  234 43 43  234 43 43  234 43 43  235 43 43  230 43 43  230 43 43  218 43 43  218 43 43  235 43 43  210 43 43  210 43 43  210 43 43  220 43 43  220 43 43  43 43 43  43 43 43  43 43 43  43 43 43  43 43 43  251 43 43  250 43 43  222 43 43  185 43 43  241 43 43  237 43 43  237 43 43  233 43 43  231 43 43  230 43 43  249 43 43  227 43 43  249 43 43  236 43 43  235 43 43  230 43 43  240 43 43  232 43 43  241 43 43  152 43 43  231 43 43  250 43 43  251 43 43  43 43 43  43 43 43  43 43 43  43 43 43  43 43 43  233 43 43  233 43 43  211 43 43  211 43 43  211 43 43  223 43 43  224 43 43  224 43 43  223 43 43  223 43 43  231 43 43  231 43 43  231 43 43  231 43 43  239 43 43  237 43 43  224 43 43  0 0 0  0 0 0  0 0 0  0 0 0  0 0 0  0 0 0  0 0 0  0 0 0  0 0 0  0 0 0  0 0 0  0 0 0  0 0 0  0 0 0  0 0 0  0 0 0  0 0 0  0 0 0 
 0 0 0  0 0 0  0 0 0  0 0 0  0 0 0  0 0 0  0 0 0  0 0 0  0 0 0  0 0 0  0 0 0  0 0 0  0 0 0  0 0 0  0 0 0  0 0 0  249 43 43  233 43 43  234 43 43  234 43 43  235 43 43  235 43 43  235 43 43  230 43 43  230 43 43  230 43 43  218 43 43  235 43 43  210 43 43  218 43 43  223 43 43  223 43 43  220 43 43  43 43 43  43 43 43  43 43 43  245 43 43  245 43 43  250 43 43  250 43 43  222 43 43  219 43 43  195 43 43  236 43 43  235 43 43  208 43 43  193 43 43  204 43 43  232 43 43  227 43 43  237 43 43  195 43 43  207 43 43  216 43 43  232 43 43  249 43 43  143 43 43  221 43 43  221 43 43  250 43 43  250 43 43  245 43 43  245 43 43  43 43 43  43 43 43  43 43 43  223 43 43  211 43 43  211 43 43  211 43 43  211 43 43  233 43 43  224 43 43  224 43 43  224 43 43  223 43 43  231 43 43  231 43 43  231 43 43  239 43 43  239 43 43  246 43 43  237 43 43  0 0 0  0 0 0  0 0 0  0 0 0  0 0 0  0 0 0  0 0 0  0 0 0  0 0 0  0 0 0  0 0 0  0 0 0  0 0 0  0 0 0  0 0 0  0 0 0  0 0 0  0 0 0 
 0 0 0  0 0 0  0 0 0  0 0 0  0 0 0  0 0 0  0 0 0  0 0 0  0 0 0  0 0 0  0 0 0  0 0 0  0 0 0  0 0 0  0 0 0  0 0 0  249 43 43  233 43 43  234 43 43  235 43 43  235 43 43  235 43 43  235 43 43  230 43 43  230 43 43  230 43 43  230 43 43  242 43 43  218 43 43  218 43 43  223 43 43  224 43 43  220 43 43  220 43 43  217 43 43  217 43 43  205 43 43  88 43 43  240 43 43  240 43 43  249 43 43  175 43 43  246 43 43  246 43 43  174 43 43  212 43 43  208 43 43  196 43 43  200 43 43  174 43 43  209 43 43  161 43 43  205 43 43  216 43 43  174 43 43  238 43 43  249 43 43  198 43 43  244 43 43  244 43 43  241 43 43  87 43 43  217 43 43  217 43 43  217 43 43  218 43 43  218 43 43  227 43 43  227 43 43  227 43 43  227 43 43  241 43 43  224 43 43  224 43 43  224 43 43  224 43 43  231 43 43  239 43 43  239 43 43  239 43 43  239 43 43  246 43 43  237 43 43  0 0 0  0 0 0  0 0 0  0 0 0  0 0 0  0 0 0  0 0 0  0 0 0  0 0 0  0 0 0  0 0 0  0 0 0  0 0 0  0 0 0  0 0 0  0 0 0  0 0 0  0 0 0 
 0 0 0  0 0 0  0 0 0  0 0 0  0 0 0  0 0 0  0 0 0  0 0 0  0 0 0  0 0 0  0 0 0  0 0 0  0 0 0  0 0 0  0 0 0  0 0 0  249 43 43  249 43 43  233 43 43  233 43 43  233 43 43  233 43 43  233 43 43  230 43 43  224 43 43  224 43 43  224 43 43  242 43 43  241 43 43  224 43 43  224 43 43  224 43 43  224 43 43  220 43 43  217 43 43  217 43 43  205 43 43  88 43 43  104 43 43  240 43 43  239 43 43  169 43 43  248 43 43  248 43 43  251 43 43  251 43 43  70 43 43  223 43 43  117 43 43  174 43 43  128 43 43  161 43 43  223 43 43  246 43 43  252 43 43  252 43 43  252 43 43  170 43 43  228 43 43  244 43 43  87 43 43  87 43 43  217 43 43  217 43 43  217 43 43  218 43 43  237 43 43  237 43 43  227 43 43  227 43 43  242 43 43  241 43 43  227 43 43  228 43 43  228 43 43  228 43 43  223 43 43  219 43 43  219 43 43  219 43 43  219 43 43  246 43 43  246 43 43  0 0 0  0 0 0  0 0 0  0 0 0  0 0 0  0 0 0  0 0 0  0 0 0  0 0 0  0 0 0  0 0 0  0 0 0  0 0 0  0 0 0  0 0 0  0 0 0  0 0 0  0 0 0 
 0 0 0  0 0 0  0 0 0  0 0 0  0 0 0  0 0 0  0 0 0  0 0 0  0 0 0  0 0 0  0 0 0  0 0 0  0 0 0  0 0 0  0 0 0  193 43 43  242 43 43  225 43 43  209 43 43  209 43 43  233 43 43  233 43 43  233 43 43  230 43 43  230 43 43  230 43 43  224 43 43  243 43 43  211 43 43  235 43 43  235 43 43  235 43 43  235 43 43  237 43 43  217 43 43  217 43 43  205 43 43  207 43 43  104 43 43  86 43 43  236 43 43  43 43 43  43 43 43  51 43 43  253 43 43  250 43 43  165 43 43  194 43 43  67 43 43  92 43 43  67 43 43  215 43 43  178 43 43  250 43 43  250 43 43  43 43 43  43 43 43  43 43 43  238 43 43  68 43 43  109 43 43  243 43 43  207 43 43  207 43 43  207 43 43  237 43 43  237 43 43  237 43 43  227 43 43  227 43 43  244 43 43  244 43 43  227 43 43  227 43 43  228 43 43  228 43 43  223 43 43  223 43 43  219 43 43  219 43 43  219 43 43  234 43 43  234 43 43  218 43 43  0 0 0  0 0 0  0 0 0  0 0 0  0 0 0  0 0 0  0 0 0  0 0 0  0 0 0  0 0 0  0 0 0  0 0 0  0 0 0  0 0 0  0 0 0  0 0 0  0 0 0 
 0 0 0  0 0 0  0 0 0  0 0 0  0 0 0  0 0 0  0 0 0  0 0 0  0 0 0  0 0 0  0 0 0  0 0 0  0 0 0  0 0 0  0 0 0  0 0 0  242 43 43  225 43 43  209 43 43  209 43 43  209 43 43  209 43 43  233 43 43  230 43 43  230 43 43  224 43 43  224 43 43  224 43 43  211 43 43  235 43 43  235 43 43  235 43 43  237 43 43  237 43 43  237 43 43  237 43 43  207 43 43  207 43 43  253 43 43  62 43 43  86 43 43  236 43 43  43 43 43  43 43 43  51 43 43  51 43 43  238 43 43  193 43 43  225 43 43  225 43 43  225 43 43  175 43 43  213 43 43  141 43 43  43 43 43  43 43 43  43 43 43  231 43 43  68 43 43  82 43 43  226 43 43  243 43 43  205 43 43  237 43 43  237 43 43  237 43 43  237 43 43  237 43 43  237 43 43  227 43 43  244 43 43  234 43 43  228 43 43  228 43 43  227 43 43  227 43 43  223 43 43  223 43 43  223 43 43  219 43 43  219 43 43  233 43 43  234 43 43  0 0 0  0 0 0  0 0 0  0 0 0  0 0 0  0 0 0  0 0 0  0 0 0  0 0 0  0 0 0  0 0 0  0 0 0  0 0 0  0 0 0  0 0 0  0 0 0  0 0 0  0 0 0 
 0 0 0  0 0 0  0 0 0  0 0 0  0 0 0  0 0 0  0 0 0  0 0 0  0 0 0  0 0 0  0 0 0  0 0 0  0 0 0  0 0 0  0 0 0  0 0 0  242 43 43  242 43 43  209 43 43  209 43 43  203 43 43  203 43 43  209 43 43  224 43 43  224 43 43  224 43 43  224 43 43  224 43 43  211 43 43  235 43 43  235 43 43  237 43 43  237 43 43  237 43 43  113 43 43  175 43 43  183 43 43  225 43 43  207 43 43  224 43 43  224 43 43  181 43 43  220 43 43  217 43 43  223 43 43  161 43 43  129 43 43  214 43 43  252 43 43  252 43 43  176 43 43  214 43 43  129 43 43  47 43 43  210 43 43  210 43 43  222 43 43  163 43 43  224 43 43  224 43 43  226 43 43  243 43 43  183 43 43  180 43 43  131 43 43  237 43 43  237 43 43  237 43 43  237 43 43  227 43 43  244 43 43  234 43 43  227 43 43  228 43 43  228 43 43  228 43 43  221 43 43  221 43 43  221 43 43  223 43 43  219 43 43  233 43 43  234 43 43  0 0 0  0 0 0  0 0 0  0 0 0  0 0 0  0 0 0  0 0 0  0 0 0  0 0 0  0 0 0  0 0 0  0 0 0  0 0 0  0 0 0  0 0 0  0 0 0  0 0 0  0 0 0 
 0 0 0  0 0 0  0 0 0  0 0 0  0 0 0  0 0 0  0 0 0  0 0 0  0 0 0  0 0 0  0 0 0  0 0 0  0 0 0  0 0 0  0 0 0  0 0 0  224 43 43  224 43 43  203 43 43  203 43 43  203 43 43  209 43 43  209 43 43  235 43 43  255 43 43  224 43 43  224 43 43  224 43 43  211 43 43  235 43 43  237 43 43  237 43 43  228 43 43  113 43 43  43 43 43  183 43 43  183 43 43  225 43 43  221 43 43  222 43 43  178 43 43  254 43 43  205 43 43  165 43 43  246 43 43  190 43 43  191 43 43  119 43 43  84 43 43  255 43 43  84 43 43  43 43 43  223 43 43  190 43 43  239 43 43  165 43 43  205 43 43  254 43 43  178 43 43  222 43 43  216 43 43  205 43 43  183 43 43  183 43 43  43 43 43  228 43 43  131 43 43  237 43 43  237 43 43  237 43 43  244 43 43  234 43 43  227 43 43  228 43 43  228 43 43  228 43 43  221 43 43  221 43 43  221 43 43  221 43 43  182 43 43  227 43 43  222 43 43  0 0 0  0 0 0  0 0 0  0 0 0  0 0 0  0 0 0  0 0 0  0 0 0  0 0 0  0 0 0  0 0 0  0 0 0  0 0 0  0 0 0  0 0 0  0 0 0  0 0 0  0 0 0 
 0 0 0  0 0 0  0 0 0  0 0 0  0 0 0  0 0 0  0 0 0  0 0 0  0 0 0  0 0 0  0 0 0  0 0 0  0 0 0  0 0 0  0 0 0  0 0 0  177 43 43  224 43 43  225 43 43  203 43 43  209 43 43  209 43 43  209 43 43  223 43 43  235 43 43  255 43 43  224 43 43  224 43 43  211 43 43  228 43 43  228 43 43  113 43 43  43 43 43  43 43 43  175 43 43  183 43 43  181 43 43  181 43 43  221 43 43  222 43 43  254 43 43  229 43 43  43 43 43  190 43 43  154 43 43  190 43 43  191 43 43  57 43 43  84 43 43  250 43 43  84 43 43  132 43 43  223 43 43  190 43 43  157 43 43  209 43 43  43 43 43  175 43 43  254 43 43  222 43 43  203 43 43  181 43 43  181 43 43  183 43 43  208 43 43  43 43 43  43 43 43  228 43 43  228 43 43  228 43 43  217 43 43  234 43 43  227 43 43  227 43 43  228 43 43  228 43 43  221 43 43  221 43 43  221 43 43  182 43 43  227 43 43  222 43 43  196 43 43  0 0 0  0 0 0  0 0 0  0 0 0  0 0 0  0 0 0  0 0 0  0 0 0  0 0 0  0 0 0  0 0 0  0 0 0  0 0 0  0 0 0  0 0 0  0 0 0  0 0 0  0 0 0 
 0 0 0  0 0 0  0 0 0  0 0 0  0 0 0  0 0 0  0 0 0  0 0 0  0 0 0  0 0 0  0 0 0  0 0 0  0 0 0  0 0 0  0 0 0  0 0 0  177 43 43  225 43 43  225 43 43  209 43 43  209 43 43  209 43 43  209 43 43  223 43 43  235 43 43  235 43 43  235 43 43  224 43 43  228 43 43  43 43 43  43 43 43  43 43 43  226 43 43  226 43 43  199 43 43  181 43 43  181 43 43  181 43 43  199 43 43  173 43 43  237 43 43  241 43 43  208 43 43  198 43 43  112 43 43  189 43 43  119 43 43  123 43 43  186 43 43  255 43 43  186 43 43  172 43 43  43 43 43  189 43 43  157 43 43  198 43 43  80 43 43  239 43 43  240 43 43  160 43 43  203 43 43  181 43 43  181 43 43  181 43 43  208 43 43  226 43 43  226 43 43  43 43 43  43 43 43  43 43 43  228 43 43  234 43 43  227 43 43  227 43 43  227 43 43  228 43 43  221 43 43  221 43 43  182 43 43  182 43 43  227 43 43  222 43 43  173 43 43  0 0 0  0 0 0  0 0 0  0 0 0  0 0 0  0 0 0  0 0 0  0 0 0  0 0 0  0 0 0  0 0 0  0 0 0  0 0 0  0 0 0  0 0 0  0 0 0  0 0 0  0 0 0 
 0 0 0  0 0 0  0 0 0  0 0 0  0 0 0  0 0 0  0 0 0  0 0 0  0 0 0  0 0 0  0 0 0  0 0 0  0 0 0  0 0 0  0 0 0  0 0 0  177 43 43  212 43 43  212 43 43  168 43 43  168 43 43  209 43 43  209 43 43  223 43 43  223 43 43  235 43 43  235 43 43  235 43 43  43 43 43  43 43 43  43 43 43  226 43 43  226 43 43  142 43 43  213 43 43  213 43 43  114 43 43  178 43 43  203 43 43  211 43 43  179 43 43  241 43 43  219 43 43  198 43 43  189 43 43  157 43 43  83 43 43  194 43 43  185 43 43  255 43 43  186 43 43  172 43 43  83 43 43  157 43 43  189 43 43  198 43 43  184 43 43  246 43 43  155 43 43  211 43 43  203 43 43  172 43 43  160 43 43  160 43 43  213 43 43  140 43 43  226 43 43  226 43 43  43 43 43  43 43 43  43 43 43  234 43 43  234 43 43  227 43 43  227 43 43  227 43 43  221 43 43  182 43 43  199 43 43  158 43 43  217 43 43  217 43 43  173 43 43  0 0 0  0 0 0  0 0 0  0 0 0  0 0 0  0 0 0  0 0 0  0 0 0  0 0 0  0 0 0  0 0 0  0 0 0  0 0 0  0 0 0  0 0 0  0 0 0  0 0 0  0 0 0 
 0 0 0  0 0 0  0 0 0  0 0 0  0 0 0  0 0 0  0 0 0  0 0 0  0 0 0  0 0 0  0 0 0  0 0 0  0 0 0  0 0 0  0 0 0  0 0 0  162 43 43  212 43 43  212 43 43  168 43 43  168 43 43  168 43 43  175 43 43  203 43 43  223 43 43  223 43 43  235 43 43  235 43 43  231 43 43  213 43 43  213 43 43  213 43 43  213 43 43  229 43 43  43 43 43  174 43 43  178 43 43  178 43 43  200 43 43  211 43 43  249 43 43  219 43 43  158 43 43  158 43 43  81 43 43  93 43 43  218 43 43  242 43 43  246 43 43  246 43 43  246 43 43  253 43 43  195 43 43  195 43 43  81 43 43  184 43 43  184 43 43  174 43 43  249 43 43  211 43 43  200 43 43  168 43 43  172 43 43  174 43 43  43 43 43  229 43 43  225 43 43  225 43 43  225 43 43  255 43 43  232 43 43  234 43 43  234 43 43  227 43 43  227 43 43  217 43 43  199 43 43  199 43 43  158 43 43  158 43 43  217 43 43  189 43 43  146 43 43  0 0 0  0 0 0  0 0 0  0 0 0  0 0 0  0 0 0  0 0 0  0 0 0  0 0 0  0 0 0  0 0 0  0 0 0  0 0 0  0 0 0  0 0 0  0 0 0  0 0 0  0 0 0 
 0 0 0  0 0 0  0 0 0  0 0 0  0 0 0  0 0 0  0 0 0  0 0 0  0 0 0  0 0 0  0 0 0  0 0 0  0 0 0  0 0 0  0 0 0  0 0 0  0 0 0  149 43 43  212 43 43  168 43 43  168 43 43  175 43 43  175 43 43  223 43 43  203 43 43  203 43 43  179 43 43  241 43 43  251 43 43  249 43 43  249 43 43  231 43 43  233 43 43  229 43 43  214 43 43  214 43 43  178 43 43  178 43 43  198 43 43  206 43 43  225 43 43  175 43 43  158 43 43  193 43 43  201 43 43  203 43 43  205 43 43  151 43 43  246 43 43  246 43 43  246 43 43  150 43 43  215 43 43  203 43 43  201 43 43  193 43 43  184 43 43  175 43 43  225 43 43  211 43 43  200 43 43  168 43 43  177 43 43  213 43 43  212 43 43  229 43 43  233 43 43  231 43 43  248 43 43  248 43 43  249 43 43  241 43 43  202 43 43  217 43 43  217 43 43  217 43 43  199 43 43  158 43 43  158 43 43  158 43 43  217 43 43  165 43 43  0 0 0  0 0 0  0 0 0  0 0 0  0 0 0  0 0 0  0 0 0  0 0 0  0 0 0  0 0 0  0 0 0  0 0 0  0 0 0  0 0 0  0 0 0  0 0 0  0 0 0  0 0 0  0 0 0 
 0 0 0  0 0 0  0 0 0  0 0 0  0 0 0  0 0 0  0 0 0  0 0 0  0 0 0  0 0 0  0 0 0  0 0 0  0 0 0  0 0 0  0 0 0  0 0 0  0 0 0  162 43 43  212 43 43  168 43 43  168 43 43  175 43 43  175 43 43  223 43 43  223 43 43  203 43 43  160 43 43  218 43 43  230 43 43  221 43 43  231 43 43  233 43 43  199 43 43  211 43 43  211 43 43  218 43 43  167 43 43  166 43 43  198 43 43  218 43 43  225 43 43  175 43 43  199 43 43  199 43 43  201 43 43  203 43 43  205 43 43  220 43 43  220 43 43  220 43 43  220 43 43  220 43 43  215 43 43  203 43 43  201 43 43  199 43 43  199 43 43  175 43 43  225 43 43  211 43 43  189 43 43  168 43 43  177 43 43  208 43 43  213 43 43  212 43 43  187 43 43  233 43 43  231 43 43  201 43 43  230 43 43  218 43 43  202 43 43  211 43 43  211 43 43  217 43 43  158 43 43  158 43 43  158 43 43  158 43 43  189 43 43  146 43 43  0 0 0  0 0 0  0 0 0  0 0 0  0 0 0  0 0 0  0 0 0  0 0 0  0 0 0  0 0 0  0 0 0  0 0 0  0 0 0  0 0 0  0 0 0  0 0 0  0 0 0  0 0 0  0 0 0 
 0 0 0  0 0 0  0 0 0  0 0 0  0 0 0  0 0 0  0 0 0  0 0 0  0 0 0  0 0 0  0 0 0  0 0 0  0 0 0  0 0 0  0 0 0  0 0 0  0 0 0  0 0 0  212 43 43  168 43 43  175 43 43  168 43 43  168 43 43  181 43 43  218 43 43  218 43 43  80 43 43  213 43 43  83 43 43  129 43 43  231 43 43  189 43 43  235 43 43  235 43 43  218 43 43  218 43 43  167 43 43  157 43 43  191 43 43  197 43 43  175 43 43  174 43 43  190 43 43  199 43 43  201 43 43  203 43 43  144 43 43  220 43 43  220 43 43  220 43 43  220 43 43  220 43 43  156 43 43  203 43 43  201 43 43  199 43 43  190 43 43  212 43 43  175 43 43  226 43 43  189 43 43  168 43 43  168 43 43  208 43 43  212 43 43  229 43 43  229 43 43  203 43 43  232 43 43  144 43 43  144 43 43  199 43 43  94 43 43  196 43 43  196 43 43  196 43 43  155 43 43  155 43 43  158 43 43  158 43 43  189 43 43  0 0 0  0 0 0  0 0 0  0 0 0  0 0 0  0 0 0  0 0 0  0 0 0  0 0 0  0 0 0  0 0 0  0 0 0  0 0 0  0 0 0  0 0 0  0 0 0  0 0 0  0 0 0  0 0 0  0 0 0 
 0 0 0  0 0 0  0 0 0  0 0 0  0 0 0  0 0 0  0 0 0  0 0 0  0 0 0  0 0 0  0 0 0  0 0 0  0 0 0  0 0 0  0 0 0  0 0 0  0 0 0  0 0 0  129 43 43  168 43 43  168 43 43  168 43 43  168 43 43  169 43 43  181 43 43  218 43 43  218 43 43  80 43 43  224 43 43  225 43 43  209 43 43  208 43 43  226 43 43  226 43 43  200 43 43  204 43 43  166 43 43  157 43 43  185 43 43  182 43 43  174 43 43  174 43 43  190 43 43  190 43 43  180 43 43  178 43 43  159 43 43  220 43 43  220 43 43  220 43 43  220 43 43  220 43 43  156 43 43  204 43 43  180 43 43  190 43 43  190 43 43  212 43 43  169 43 43  181 43 43  181 43 43  157 43 43  157 43 43  205 43 43  208 43 43  228 43 43  232 43 43  215 43 43  220 43 43  225 43 43  224 43 43  94 43 43  196 43 43  196 43 43  196 43 43  155 43 43  155 43 43  155 43 43  155 43 43  183 43 43  129 43 43  0 0 0  0 0 0  0 0 0  0 0 0  0 0 0  0 0 0  0 0 0  0 0 0  0 0 0  0 0 0  0 0 0  0 0 0  0 0 0  0 0 0  0 0 0  0 0 0  0 0 0  0 0 0  0 0 0  0 0 0 
 0 0 0  0 0 0  0 0 0  0 0 0  0 0 0  0 0 0  0 0 0  0 0 0  0 0 0  0 0 0  0 0 0  0 0 0  0 0 0  0 0 0  0 0 0  0 0 0  0 0 0  0 0 0  129 43 43  157 43 43  168 43 43  168 43 43  169 43 43  169 43 43  181 43 43  181 43 43  181 43 43  243 43 43  225 43 43  209 43 43  209 43 43  236 43 43  236 43 43  236 43 43  204 43 43  204 43 43  204 43 43  159 43 43  182 43 43  186 43 43  174 43 43  174 43 43  190 43 43  180 43 43  111 43 43  43 43 43  70 43 43  70 43 43  70 43 43  70 43 43  70 43 43  70 43 43  70 43 43  51 43 43  204 43 43  180 43 43  190 43 43  212 43 43  169 43 43  182 43 43  181 43 43  157 43 43  205 43 43  205 43 43  153 43 43  228 43 43  228 43 43  232 43 43  220 43 43  233 43 43  225 43 43  210 43 43  196 43 43  196 43 43  196 43 43  155 43 43  155 43 43  183 43 43  183 43 43  157 43 43  129 43 43  0 0 0  0 0 0  0 0 0  0 0 0  0 0 0  0 0 0  0 0 0  0 0 0  0 0 0  0 0 0  0 0 0  0 0 0  0 0 0  0 0 0  0 0 0  0 0 0  0 0 0  0 0 0  0 0 0  0 0 0 
 0 0 0  0 0 0  0 0 0  0 0 0  0 0 0  0 0 0  0 0 0  0 0 0  0 0 0  0 0 0  0 0 0  0 0 0  0 0 0  0 0 0  0 0 0  0 0 0  0 0 0  0 0 0  0 0 0  157 43 43  168 43 43  168 43 43  169 43 43  169 43 43  181 43 43  181 43 43  181 43 43  160 43 43  248 43 43  241 43 43  239 43 43  238 43 43  240 43 43  238 43 43  204 43 43  204 43 43  174 43 43  159 43 43  182 43 43  186 43 43  228 43 43  208 43 43  208 43 43  111 43 43  43 43 43  43 43 43  70 43 43  70 43 43  70 43 43  70 43 43  70 43 43  70 43 43  70 43 43  43 43 43  43 43 43  57 43 43  212 43 43  169 43 43  229 43 43  182 43 43  182 43 43  158 43 43  174 43 43  223 43 43  223 43 43  235 43 43  235 43 43  244 43 43  244 43 43  241 43 43  233 43 43  171 43 43  210 43 43  210 43 43  196 43 43  155 43 43  183 43 43  183 43 43  183 43 43  157 43 43  0 0 0  0 0 0  0 0 0  0 0 0  0 0 0  0 0 0  0 0 0  0 0 0  0 0 0  0 0 0  0 0 0  0 0 0  0 0 0  0 0 0  0 0 0  0 0 0  0 0 0  0 0 0  0 0 0  0 0 0  0 0 0 
 0 0 0  0 0 0  0 0 0  0 0 0  0 0 0  0 0 0  0 0 0  0 0 0  0 0 0  0 0 0  0 0 0  0 0 0  0 0 0  0 0 0  0 0 0  0 0 0  0 0 0  0 0 0  0 0 0  0 0 0  168 43 43  169 43 43  169 43 43  169 43 43  179 43 43  160 43 43  160 43 43  160 43 43  218 43 43  219 43 43  239 43 43  238 43 43  240 43 43  238 43 43  238 43 43  217 43 43  165 43 43  158 43 43  182 43 43  186 43 43  228 43 43  207 43 43  137 43 43  43 43 43  198 43 43  198 43 43  198 43 43  198 43 43  198 43 43  198 43 43  198 43 43  198 43 43  198 43 43  198 43 43  198 43 43  43 43 43  137 43 43  169 43 43  230 43 43  182 43 43  188 43 43  158 43 43  160 43 43  218 43 43  226 43 43  226 43 43  246 43 43  244 43 43  244 43 43  217 43 43  217 43 43  172 43 43  171 43 43  171 43 43  171 43 43  183 43 43  183 43 43  183 43 43  183 43 43  0 0 0  0 0 0  0 0 0  0 0 0  0 0 0  0 0 0  0 0 0  0 0 0  0 0 0  0 0 0  0 0 0  0 0 0  0 0 0  0 0 0  0 0 0  0 0 0  0 0 0  0 0 0  0 0 0  0 0 0  0 0 0  0 0 0 
 0 0 0  0 0 0  0 0 0  0 0 0  0 0 0  0 0 0  0 0 0  0 0 0  0 0 0  0 0 0  0 0 0  0 0 0  0 0 0  0 0 0  0 0 0  0 0 0  0 0 0  0 0 0  0 0 0  0 0 0  66 43 43  163 43 43  163 43 43  163 43 43  163 43 43  179 43 43  179 43 43  160 43 43  43 43 43  219 43 43  239 43 43  238 43 43  238 43 43  245 43 43  239 43 43  216 43 43  180 43 43  158 43 43  182 43 43  186 43 43  215 43 43  208 43 43  211 43 43  141 43 43  141 43 43  141 43 43  141 43 43  141 43 43  141 43 43  141 43 43  141 43 43  141 43 43  141 43 43  141 43 43  141 43 43  141 43 43  175 43 43  208 43 43  219 43 43  188 43 43  188 43 43  162 43 43  199 43 43  215 43 43  242 43 43  246 43 43  246 43 43  233 43 43  233 43 43  217 43 43  43 43 43  172 43 43  171 43 43  171 43 43  160 43 43  160 43 43  160 43 43  160 43 43  66 43 43  0 0 0  0 0 0  0 0 0  0 0 0  0 0 0  0 0 0  0 0 0  0 0 0  0 0 0  0 0 0  0 0 0  0 0 0  0 0 0  0 0 0  0 0 0  0 0 0  0 0 0  0 0 0  0 0 0  0 0 0  0 0 0  0 0 0 
 0 0 0  0 0 0  0 0 0  0 0 0  0 0 0  0 0 0  0 0 0  0 0 0  0 0 0  0 0 0  0 0 0  0 0 0  0 0 0  0 0 0  0 0 0  0 0 0  0 0 0  0 0 0  0 0 0  0 0 0  115 43 43  163 43 43  163 43 43  163 43 43  163 43 43  179 43 43  179 43 43  179 43 43  43 43 43  219 43 43  219 43 43  232 43 43  248 43 43  241 43 43  223 43 43  210 43 43  180 43 43  161 43 43  154 43 43  175 43 43  175 43 43  220 43 43  211 43 43  193 43 43  141 43 43  141 43 43  141 43 43  141 43 43  141 43 43  141 43 43  141 43 43  141 43 43  141 43 43  141 43 43  141 43 43  193 43 43  175 43 43  219 43 43  175 43 43  175 43 43  152 43 43  162 43 43  199 43 43  188 43 43  232 43 43  238 43 43  247 43 43  231 43 43  217 43 43  219 43 43  43 43 43  172 43 43  171 43 43  171 43 43  160 43 43  160 43 43  160 43 43  167 43 43  68 43 43  0 0 0  0 0 0  0 0 0  0 0 0  0 0 0  0 0 0  0 0 0  0 0 0  0 0 0  0 0 0  0 0 0  0 0 0  0 0 0  0 0 0  0 0 0  0 0 0  0 0 0  0 0 0  0 0 0  0 0 0  0 0 0  0 0 0 
 0 0 0  0 0 0  0 0 0  0 0 0  0 0 0  0 0 0  0 0 0  0 0 0  0 0 0  0 0 0  0 0 0  0 0 0  0 0 0  0 0 0  0 0 0  0 0 0  0 0 0  0 0 0  0 0 0  0 0 0  0 0 0  57 43 43  163 43 43  163 43 43  163 43 43  179 43 43  179 43 43  179 43 43  179 43 43  43 43 43  219 43 43  232 43 43  224 43 43  223 43 43  223 43 43  223 43 43  191 43 43  153 43 43  154 43 43  175 43 43  175 43 43  220 43 43  211 43 43  190 43 43  218 43 43  218 43 43  218 43 43  218 43 43  218 43 43  218 43 43  218 43 43  218 43 43  218 43 43  218 43 43  218 43 43  190 43 43  158 43 43  219 43 43  175 43 43  175 43 43  152 43 43  152 43 43  188 43 43  232 43 43  232 43 43  232 43 43  224 43 43  234 43 43  216 43 43  43 43 43  172 43 43  172 43 43  172 43 43  171 43 43  160 43 43  167 43 43  167 43 43  99 43 43  0 0 0  0 0 0  0 0 0  0 0 0  0 0 0  0 0 0  0 0 0  0 0 0  0 0 0  0 0 0  0 0 0  0 0 0  0 0 0  0 0 0  0 0 0  0 0 0  0 0 0  0 0 0  0 0 0  0 0 0  0 0 0  0 0 0  0 0 0 
 0 0 0  0 0 0  0 0 0  0 0 0  0 0 0  0 0 0  0 0 0  0 0 0  0 0 0  0 0 0  0 0 0  0 0 0  0 0 0  0 0 0  0 0 0  0 0 0  0 0 0  0 0 0  0 0 0  0 0 0  0 0 0  115 43 43  163 43 43  163 43 43  163 43 43  163 43 43  179 43 43  175 43 43  175 43 43  43 43 43  211 43 43  204 43 43  224 43 43  223 43 43  223 43 43  223 43 43  185 43 43  153 43 43  154 43 43  175 43 43  175 43 43  220 43 43  121 43 43  146 43 43  197 43 43  218 43 43  218 43 43  218 43 43  218 43 43  218 43 43  218 43 43  218 43 43  218 43 43  218 43 43  197 43 43  127 43 43  158 43 43  217 43 43  175 43 43  175 43 43  152 43 43  155 43 43  183 43 43  214 43 43  214 43 43  214 43 43  224 43 43  210 43 43  214 43 43  43 43 43  175 43 43  172 43 43  172 43 43  160 43 43  167 43 43  167 43 43  167 43 43  99 43 43  0 0 0  0 0 0  0 0 0  0 0 0  0 0 0  0 0 0  0 0 0  0 0 0  0 0 0  0 0 0  0 0 0  0 0 0  0 0 0  0 0 0  0 0 0  0 0 0  0 0 0  0 0 0  0 0 0  0 0 0  0 0 0  0 0 0  0 0 0 
 0 0 0  0 0 0  0 0 0  0 0 0  0 0 0  0 0 0  0 0 0  0 0 0  0 0 0  0 0 0  0 0 0  0 0 0  0 0 0  0 0 0  0 0 0  0 0 0  0 0 0  0 0 0  0 0 0  0 0 0  0 0 0  115 43 43  163 43 43  170 43 43  155 43 43  155 43 43  172 43 43  182 43 43  182 43 43  182 43 43  43 43 43  204 43 43  224 43 43  224 43 43  223 43 43  216 43 43  185 43 43  188 43 43  153 43 43  175 43 43  175 43 43  210 43 43  144 43 43  146 43 43  190 43 43  218 43 43  218 43 43  218 43 43  218 43 43  218 43 43  218 43 43  218 43 43  218 43 43  218 43 43  190 43 43  141 43 43  147 43 43  210 43 43  175 43 43  175 43 43  155 43 43  183 43 43  191 43 43  211 43 43  214 43 43  223 43 43  223 43 43  210 43 43  43 43 43  173 43 43  173 43 43  173 43 43  175 43 43  153 43 43  153 43 43  153 43 43  167 43 43  99 43 43  0 0 0  0 0 0  0 0 0  0 0 0  0 0 0  0 0 0  0 0 0  0 0 0  0 0 0  0 0 0  0 0 0  0 0 0  0 0 0  0 0 0  0 0 0  0 0 0  0 0 0  0 0 0  0 0 0  0 0 0  0 0 0  0 0 0  0 0 0 
 0 0 0  0 0 0  0 0 0  0 0 0  0 0 0  0 0 0  0 0 0  0 0 0  0 0 0  0 0 0  0 0 0  0 0 0  0 0 0  0 0 0  0 0 0  0 0 0  0 0 0  0 0 0  0 0 0  0 0 0  0 0 0  0 0 0  91 43 43  166 43 43  166 43 43  159 43 43  159 43 43  168 43 43  168 43 43  182 43 43  43 43 43  212 43 43  204 43 43  218 43 43  204 43 43  204 43 43  185 43 43  171 43 43  145 43 43  167 43 43  167 43 43  210 43 43  144 43 43  159 43 43  166 43 43  184 43 43  226 43 43  226 43 43  226 43 43  226 43 43  226 43 43  226 43 43  226 43 43  199 43 43  172 43 43  147 43 43  153 43 43  210 43 43  171 43 43  161 43 43  148 43 43  179 43 43  191 43 43  211 43 43  211 43 43  202 43 43  210 43 43  206 43 43  43 43 43  179 43 43  173 43 43  173 43 43  153 43 43  153 43 43  153 43 43  171 43 43  99 43 43  0 0 0  0 0 0  0 0 0  0 0 0  0 0 0  0 0 0  0 0 0  0 0 0  0 0 0  0 0 0  0 0 0  0 0 0  0 0 0  0 0 0  0 0 0  0 0 0  0 0 0  0 0 0  0 0 0  0 0 0  0 0 0  0 0 0  0 0 0  0 0 0 
 0 0 0  0 0 0  0 0 0  0 0 0  0 0 0  0 0 0  0 0 0  0 0 0  0 0 0  0 0 0  0 0 0  0 0 0  0 0 0  0 0 0  0 0 0  0 0 0  0 0 0  0 0 0  0 0 0  0 0 0  0 0 0  0 0 0  111 43 43  166 43 43  159 43 43  159 43 43  159 43 43  168 43 43  168 43 43  169 43 43  169 43 43  43 43 43  190 43 43  191 43 43  218 43 43  204 43 43  194 43 43  171 43 43  145 43 43  143 43 43  166 43 43  210 43 43  210 43 43  159 43 43  166 43 43  184 43 43  159 43 43  226 43 43  226 43 43  226 43 43  226 43 43  226 43 43  199 43 43  149 43 43  161 43 43  153 43 43  210 43 43  210 43 43  161 43 43  148 43 43  141 43 43  179 43 43  190 43 43  211 43 43  210 43 43  202 43 43  195 43 43  43 43 43  178 43 43  178 43 43  179 43 43  179 43 43  171 43 43  171 43 43  171 43 43  171 43 43  103 43 43  0 0 0  0 0 0  0 0 0  0 0 0  0 0 0  0 0 0  0 0 0  0 0 0  0 0 0  0 0 0  0 0 0  0 0 0  0 0 0  0 0 0  0 0 0  0 0 0  0 0 0  0 0 0  0 0 0  0 0 0  0 0 0  0 0 0  0 0 0  0 0 0 
 0 0 0  0 0 0  0 0 0  0 0 0  0 0 0  0 0 0  0 0 0  0 0 0  0 0 0  0 0 0  0 0 0  0 0 0  0 0 0  0 0 0  0 0 0  0 0 0  0 0 0  0 0 0  0 0 0  0 0 0  0 0 0  0 0 0  0 0 0  92 43 43  167 43 43  167 43 43  167 43 43  167 43 43  180 43 43  180 43 43  180 43 43  43 43 43  199 43 43  191 43 43  198 43 43  195 43 43  194 43 43  165 43 43  145 43 43  143 43 43  166 43 43  166 43 43  210 43 43  159 43 43  122 43 43  164 43 43  156 43 43  215 43 43  215 43 43  215 43 43  215 43 43  215 43 43  149 43 43  161 43 43  127 43 43  153 43 43  210 43 43  171 43 43  161 43 43  141 43 43  141 43 43  152 43 43  190 43 43  201 43 43  200 43 43  202 43 43  195 43 43  43 43 43  172 43 43  172 43 43  178 43 43  170 43 43  170 43 43  170 43 43  148 43 43  92 43 43  0 0 0  0 0 0  0 0 0  0 0 0  0 0 0  0 0 0  0 0 0  0 0 0  0 0 0  0 0 0  0 0 0  0 0 0  0 0 0  0 0 0  0 0 0  0 0 0  0 0 0  0 0 0  0 0 0  0 0 0  0 0 0  0 0 0  0 0 0  0 0 0  0 0 0 
 0 0 0  0 0 0  0 0 0  0 0 0  0 0 0  0 0 0  0 0 0  0 0 0  0 0 0  0 0 0  0 0 0  0 0 0  0 0 0  0 0 0  0 0 0  0 0 0  0 0 0  0 0 0  0 0 0  0 0 0  0 0 0  0 0 0  0 0 0  103 43 43  155 43 43  155 43 43  155 43 43  151 43 43  163 43 43  159 43 43  159 43 43  159 43 43  43 43 43  201 43 43  198 43 43  199 43 43  194 43 43  148 43 43  147 43 43  125 43 43  145 43 43  145 43 43  198 43 43  154 43 43  117 43 43  186 43 43  156 43 43  165 43 43  215 43 43  215 43 43  215 43 43  149 43 43  171 43 43  173 43 43  122 43 43  147 43 43  196 43 43  151 43 43  151 43 43  131 43 43  149 43 43  149 43 43  201 43 43  200 43 43  197 43 43  192 43 43  43 43 43  160 43 43  162 43 43  162 43 43  162 43 43  148 43 43  148 43 43  148 43 43  157 43 43  99 43 43  0 0 0  0 0 0  0 0 0  0 0 0  0 0 0  0 0 0  0 0 0  0 0 0  0 0 0  0 0 0  0 0 0  0 0 0  0 0 0  0 0 0  0 0 0  0 0 0  0 0 0  0 0 0  0 0 0  0 0 0  0 0 0  0 0 0  0 0 0  0 0 0  0 0 0 
 0 0 0  0 0 0  0 0 0  0 0 0  0 0 0  0 0 0  0 0 0  0 0 0  0 0 0  0 0 0  0 0 0  0 0 0  0 0 0  0 0 0  0 0 0  0 0 0  0 0 0  0 0 0  0 0 0  0 0 0  0 0 0  0 0 0  0 0 0  0 0 0  103 43 43  151 43 43  151 43 43  151 43 43  163 43 43  163 43 43  163 43 43  163 43 43  43 43 43  184 43 43  178 43 43  178 43 43  181 43 43  176 43 43  148 43 43  125 43 43  145 43 43  144 43 43  198 43 43  154 43 43  117 43 43  191 43 43  191 43 43  165 43 43  215 43 43  215 43 43  215 43 43  171 43 43  173 43 43  200 43 43  139 43 43  140 43 43  198 43 43  151 43 43  139 43 43  131 43 43  149 43 43  191 43 43  163 43 43  178 43 43  177 43 43  192 43 43  43 43 43  160 43 43  160 43 43  162 43 43  162 43 43  148 43 43  157 43 43  157 43 43  100 43 43  0 0 0  0 0 0  0 0 0  0 0 0  0 0 0  0 0 0  0 0 0  0 0 0  0 0 0  0 0 0  0 0 0  0 0 0  0 0 0  0 0 0  0 0 0  0 0 0  0 0 0  0 0 0  0 0 0  0 0 0  0 0 0  0 0 0  0 0 0  0 0 0  0 0 0  0 0 0 
 0 0 0  0 0 0  0 0 0  0 0 0  0 0 0  0 0 0  0 0 0  0 0 0  0 0 0  0 0 0  0 0 0  0 0 0  0 0 0  0 0 0  0 0 0  0 0 0  0 0 0  0 0 0  0 0 0  0 0 0  0 0 0  0 0 0  0 0 0  0 0 0  104 43 43  159 43 43  159 43 43  159 43 43  158 43 43  170 43 43  158 43 43  158 43 43  158 43 43  43 43 43  176 43 43  178 43 43  177 43 43  176 43 43  148 43 43  125 43 43  145 43 43  144 43 43  198 43 43  196 43 43  131 43 43  191 43 43  191 43 43  166 43 43  166 43 43  190 43 43  164 43 43  164 43 43  200 43 43  200 43 43  147 43 43  196 43 43  198 43 43  139 43 43  139 43 43  115 43 43  146 43 43  191 43 43  178 43 43  177 43 43  180 43 43  43 43 43  162 43 43  167 43 43  167 43 43  167 43 43  156 43 43  156 43 43  156 43 43  161 43 43  92 43 43  0 0 0  0 0 0  0 0 0  0 0 0  0 0 0  0 0 0  0 0 0  0 0 0  0 0 0  0 0 0  0 0 0  0 0 0  0 0 0  0 0 0  0 0 0  0 0 0  0 0 0  0 0 0  0 0 0  0 0 0  0 0 0  0 0 0  0 0 0  0 0 0  0 0 0  0 0 0 
 0 0 0  0 0 0  0 0 0  0 0 0  0 0 0  0 0 0  0 0 0  0 0 0  0 0 0  0 0 0  0 0 0  0 0 0  0 0 0  0 0 0  0 0 0  0 0 0  0 0 0  0 0 0  0 0 0  0 0 0  0 0 0  0 0 0  0 0 0  0 0 0  0 0 0  104 43 43  159 43 43  158 43 43  158 43 43  170 43 43  170 43 43  170 43 43  158 43 43  158 43 43  188 43 43  176 43 43  177 43 43  181 43 43  176 43 43  122 43 43  122 43 43  144 43 43  144 43 43  196 43 43  131 43 43  179 43 43  179 43 43  166 43 43  166 43 43  190 43 43  164 43 43  168 43 43  180 43 43  178 43 43  140 43 43  198 43 43  151 43 43  139 43 43  115 43 43  115 43 43  191 43 43  163 43 43  177 43 43  184 43 43  180 43 43  162 43 43  162 43 43  161 43 43  167 43 43  167 43 43  156 43 43  161 43 43  161 43 43  67 43 43  0 0 0  0 0 0  0 0 0  0 0 0  0 0 0  0 0 0  0 0 0  0 0 0  0 0 0  0 0 0  0 0 0  0 0 0  0 0 0  0 0 0  0 0 0  0 0 0  0 0 0  0 0 0  0 0 0  0 0 0  0 0 0  0 0 0  0 0 0  0 0 0  0 0 0  0 0 0  0 0 0 
 0 0 0  0 0 0  0 0 0  0 0 0  0 0 0  0 0 0  0 0 0  0 0 0  0 0 0  0 0 0  0 0 0  0 0 0  0 0 0  0 0 0  0 0 0  0 0 0  0 0 0  0 0 0  0 0 0  0 0 0  0 0 0  0 0 0  0 0 0  0 0 0  0 0 0  0 0 0  158 43 43  158 43 43  158 43 43  170 43 43  170 43 43  170 43 43  170 43 43  170 43 43  43 43 43  188 43 43  177 43 43  176 43 43  180 43 43  162 43 43  116 43 43  136 43 43  136 43 43  192 43 43  127 43 43  179 43 43  179 43 43  179 43 43  166 43 43  190 43 43  168 43 43  180 43 43  178 43 43  178 43 43  129 43 43  183 43 43  140 43 43  140 43 43  116 43 43  152 43 43  186 43 43  191 43 43  191 43 43  184 43 43  43 43 43  161 43 43  161 43 43  161 43 43  161 43 43  167 43 43  161 43 43  161 43 43  161 43 43  0 0 0  0 0 0  0 0 0  0 0 0  0 0 0  0 0 0  0 0 0  0 0 0  0 0 0  0 0 0  0 0 0  0 0 0  0 0 0  0 0 0  0 0 0  0 0 0  0 0 0  0 0 0  0 0 0  0 0 0  0 0 0  0 0 0  0 0 0  0 0 0  0 0 0  0 0 0  0 0 0  0 0 0 
 0 0 0  0 0 0  0 0 0  0 0 0  0 0 0  0 0 0  0 0 0  0 0 0  0 0 0  0 0 0  0 0 0  0 0 0  0 0 0  0 0 0  0 0 0  0 0 0  0 0 0  0 0 0  0 0 0  0 0 0  0 0 0  0 0 0  0 0 0  0 0 0  0 0 0  0 0 0  50 43 43  121 43 43  121 43 43  137 43 43  173 43 43  173 43 43  173 43 43  166 43 43  166 43 43  183 43 43  184 43 43  176 43 43  180 43 43  162 43 43  116 43 43  136 43 43  136 43 43  192 43 43  127 43 43  140 43 43  179 43 43  189 43 43  183 43 43  179 43 43  181 43 43  187 43 43  178 43 43  142 43 43  130 43 43  190 43 43  140 43 43  132 43 43  115 43 43  167 43 43  174 43 43  191 43 43  183 43 43  183 43 43  163 43 43  163 43 43  163 43 43  176 43 43  176 43 43  159 43 43  159 43 43  103 43 43  50 43 43  0 0 0  0 0 0  0 0 0  0 0 0  0 0 0  0 0 0  0 0 0  0 0 0  0 0 0  0 0 0  0 0 0  0 0 0  0 0 0  0 0 0  0 0 0  0 0 0  0 0 0  0 0 0  0 0 0  0 0 0  0 0 0  0 0 0  0 0 0  0 0 0  0 0 0  0 0 0  0 0 0  0 0 0 
 0 0 0  0 0 0  0 0 0  0 0 0  0 0 0  0 0 0  0 0 0  0 0 0  0 0 0  0 0 0  0 0 0  0 0 0  0 0 0  0 0 0  0 0 0  0 0 0  0 0 0  0 0 0  0 0 0  0 0 0  0 0 0  0 0 0  0 0 0  0 0 0  0 0 0  0 0 0  0 0 0  121 43 43  137 43 43  137 43 43  173 43 43  166 43 43  166 43 43  166 43 43  161 43 43  43 43 43  183 43 43  176 43 43  177 43 43  177 43 43  123 43 43  115 43 43  136 43 43  181 43 43  122 43 43  127 43 43  189 43 43  189 43 43  183 43 43  179 43 43  181 43 43  187 43 43  187 43 43  129 43 43  124 43 43  190 43 43  132 43 43  115 43 43  133 43 43  172 43 43  175 43 43  174 43 43  183 43 43  43 43 43  141 43 43  176 43 43  176 43 43  176 43 43  176 43 43  159 43 43  103 43 43  103 43 43  0 0 0  0 0 0  0 0 0  0 0 0  0 0 0  0 0 0  0 0 0  0 0 0  0 0 0  0 0 0  0 0 0  0 0 0  0 0 0  0 0 0  0 0 0  0 0 0  0 0 0  0 0 0  0 0 0  0 0 0  0 0 0  0 0 0  0 0 0  0 0 0  0 0 0  0 0 0  0 0 0  0 0 0  0 0 0 
 0 0 0  0 0 0  0 0 0  0 0 0  0 0 0  0 0 0  0 0 0  0 0 0  0 0 0  0 0 0  0 0 0  0 0 0  0 0 0  0 0 0  0 0 0  0 0 0  0 0 0  0 0 0  0 0 0  0 0 0  0 0 0  0 0 0  0 0 0  0 0 0  0 0 0  0 0 0  0 0 0  0 0 0  101 43 43  101 43 43  101 43 43  161 43 43  161 43 43  161 43 43  161 43 43  161 43 43  193 43 43  193 43 43  169 43 43  177 43 43  168 43 43  136 43 43  152 43 43  190 43 43  190 43 43  127 43 43  189 43 43  189 43 43  183 43 43  179 43 43  181 43 43  187 43 43  187 43 43  129 43 43  187 43 43  192 43 43  148 43 43  133 43 43  161 43 43  172 43 43  175 43 43  193 43 43  193 43 43  152 43 43  141 43 43  141 43 43  141 43 43  141 43 43  76 43 43  74 43 43  74 43 43  0 0 0  0 0 0  0 0 0  0 0 0  0 0 0  0 0 0  0 0 0  0 0 0  0 0 0  0 0 0  0 0 0  0 0 0  0 0 0  0 0 0  0 0 0  0 0 0  0 0 0  0 0 0  0 0 0  0 0 0  0 0 0  0 0 0  0 0 0  0 0 0  0 0 0  0 0 0  0 0 0  0 0 0  0 0 0  0 0 0 
 0 0 0  0 0 0  0 0 0  0 0 0  0 0 0  0 0 0  0 0 0  0 0 0  0 0 0  0 0 0  0 0 0  0 0 0  0 0 0  0 0 0  0 0 0  0 0 0  0 0 0  0 0 0  0 0 0  0 0 0  0 0 0  0 0 0  0 0 0  0 0 0  0 0 0  0 0 0  0 0 0  0 0 0  0 0 0  43 43 43  101 43 43  124 43 43  124 43 43  161 43 43  161 43 43  161 43 43  193 43 43  193 43 43  176 43 43  177 43 43  168 43 43  136 43 43  152 43 43  189 43 43  190 43 43  119 43 43  185 43 43  189 43 43  177 43 43  179 43 43  181 43 43  187 43 43  187 43 43  129 43 43  187 43 43  192 43 43  148 43 43  133 43 43  161 43 43  172 43 43  170 43 43  193 43 43  193 43 43  152 43 43  152 43 43  141 43 43  141 43 43  141 43 43  76 43 43  74 43 43  0 0 0  0 0 0  0 0 0  0 0 0  0 0 0  0 0 0  0 0 0  0 0 0  0 0 0  0 0 0  0 0 0  0 0 0  0 0 0  0 0 0  0 0 0  0 0 0  0 0 0  0 0 0  0 0 0  0 0 0  0 0 0  0 0 0  0 0 0  0 0 0  0 0 0  0 0 0  0 0 0  0 0 0  0 0 0  0 0 0  0 0 0 
 0 0 0  0 0 0  0 0 0  0 0 0  0 0 0  0 0 0  0 0 0  0 0 0  0 0 0  0 0 0  0 0 0  0 0 0  0 0 0  0 0 0  0 0 0  0 0 0  0 0 0  0 0 0  0 0 0  0 0 0  0 0 0  0 0 0  0 0 0  0 0 0  0 0 0  0 0 0  0 0 0  0 0 0  0 0 0  0 0 0  43 43 43  101 43 43  124 43 43  124 43 43  161 43 43  161 43 43  161 43 43  193 43 43  176 43 43  176 43 43  159 43 43  136 43 43  138 43 43  152 43 43  190 43 43  122 43 43  185 43 43  189 43 43  177 43 43  179 43 43  181 43 43  187 43 43  187 43 43  115 43 43  187 43 43  143 43 43  148 43 43  133 43 43  161 43 43  172 43 43  170 43 43  193 43 43  152 43 43  152 43 43  152 43 43  152 43 43  141 43 43  76 43 43  76 43 43  0 0 0  0 0 0  0 0 0  0 0 0  0 0 0  0 0 0  0 0 0  0 0 0  0 0 0  0 0 0  0 0 0  0 0 0  0 0 0  0 0 0  0 0 0  0 0 0  0 0 0  0 0 0  0 0 0  0 0 0  0 0 0  0 0 0  0 0 0  0 0 0  0 0 0  0 0 0  0 0 0  0 0 0  0 0 0  0 0 0  0 0 0  0 0 0 
 0 0 0  0 0 0  0 0 0  0 0 0  0 0 0  0 0 0  0 0 0  0 0 0  0 0 0  0 0 0  0 0 0  0 0 0  0 0 0  0 0 0  0 0 0  0 0 0  0 0 0  0 0 0  0 0 0  0 0 0  0 0 0  0 0 0  0 0 0  0 0 0  0 0 0  0 0 0  0 0 0  0 0 0  0 0 0  0 0 0  0 0 0  0 0 0  0 0 0  124 43 43  124 43 43  124 43 43  161 43 43  193 43 43  167 43 43  169 43 43  159 43 43  123 43 43  138 43 43  152 43 43  190 43 43  122 43 43  185 43 43  189 43 43  177 43 43  179 43 43  179 43 43  187 43 43  187 43 43  115 43 43  187 43 43  143 43 43  148 43 43  127 43 43  166 43 43  172 43 43  170 43 43  193 43 43  152 43 43  152 43 43  152 43 43  152 43 43  0 0 0  0 0 0  0 0 0  0 0 0  0 0 0  0 0 0  0 0 0  0 0 0  0 0 0  0 0 0  0 0 0  0 0 0  0 0 0  0 0 0  0 0 0  0 0 0  0 0 0  0 0 0  0 0 0  0 0 0  0 0 0  0 0 0  0 0 0  0 0 0  0 0 0  0 0 0  0 0 0  0 0 0  0 0 0  0 0 0  0 0 0  0 0 0  0 0 0  0 0 0  0 0 0 
 0 0 0  0 0 0  0 0 0  0 0 0  0 0 0  0 0 0  0 0 0  0 0 0  0 0 0  0 0 0  0 0 0  0 0 0  0 0 0  0 0 0  0 0 0  0 0 0  0 0 0  0 0 0  0 0 0  0 0 0  0 0 0  0 0 0  0 0 0  0 0 0  0 0 0  0 0 0  0 0 0  0 0 0  0 0 0  0 0 0  0 0 0  0 0 0  0 0 0  0 0 0  0 0 0  0 0 0  0 0 0  193 43 43  193 43 43  169 43 43  159 43 43  123 43 43  138 43 43  152 43 43  189 43 43  117 43 43  185 43 43  185 43 43  177 43 43  179 43 43  179 43 43  187 43 43  187 43 43  115 43 43  187 43 43  143 43 43  148 43 43  127 43 43  166 43 43  172 43 43  193 43 43  193 43 43  0 0 0  0 0 0  0 0 0  0 0 0  0 0 0  0 0 0  0 0 0  0 0 0  0 0 0  0 0 0  0 0 0  0 0 0  0 0 0  0 0 0  0 0 0  0 0 0  0 0 0  0 0 0  0 0 0  0 0 0  0 0 0  0 0 0  0 0 0  0 0 0  0 0 0  0 0 0  0 0 0  0 0 0  0 0 0  0 0 0  0 0 0  0 0 0  0 0 0  0 0 0  0 0 0  0 0 0  0 0 0  0 0 0  0 0 0 
 0 0 0  0 0 0  0 0 0  0 0 0  0 0 0  0 0 0  0 0 0  0 0 0  0 0 0  0 0 0  0 0 0  0 0 0  0 0 0  0 0 0  0 0 0  0 0 0  0 0 0  0 0 0  0 0 0  0 0 0  0 0 0  0 0 0  0 0 0  0 0 0  0 0 0  0 0 0  0 0 0  0 0 0  0 0 0  0 0 0  0 0 0  0 0 0  0 0 0  0 0 0  0 0 0  0 0 0  0 0 0  0 0 0  0 0 0  0 0 0  0 0 0  0 0 0  136 43 43  138 43 43  189 43 43  117 43 43  0 0 0  0 0 0  0 0 0  179 43 43  0 0 0  0 0 0  0 0 0  115 43 43  187 43 43  143 43 43  127 43 43  0 0 0  0 0 0  0 0 0  0 0 0  0 0 0  0 0 0  0 0 0  0 0 0  0 0 0  0 0 0  0 0 0  0 0 0  0 0 0  0 0 0  0 0 0  0 0 0  0 0 0  0 0 0  0 0 0  0 0 0  0 0 0  0 0 0  0 0 0  0 0 0  0 0 0  0 0 0  0 0 0  0 0 0  0 0 0  0 0 0  0 0 0  0 0 0  0 0 0  0 0 0  0 0 0  0 0 0  0 0 0  0 0 0  0 0 0  0 0 0  0 0 0  0 0 0  0 0 0  